1651063250.1929,0,0
1651063250.1968,0,0
1651063250.2001,0,0
1651063250.2032,0,0
1651063250.2091,0,0
1651063250.2184,0,0
1651063250.2290,0,0
1651063250.2331,0,0
1651063250.2364,0,0
1651063250.2468,0,0
1651063250.2503,0,0
1651063250.2536,0,0
1651063250.2576,0,0
1651063250.2612,0,0
1651063250.2980,0,0
1651063250.3036,0,0
1651063250.3135,0,0
1651063250.3247,0,0
1651063250.3356,0,0
1651063250.3391,0,0
1651063250.3454,0,0
1651063250.3529,0,0
1651063250.3569,0,0
1651063250.3607,0,0
1651063250.3705,0,0
1651063250.3786,0,0
1651063250.3994,0,0
1651063250.4038,0,0
1651063250.4076,0,0
1651063250.4292,0,0
1651063250.4693,0,0
1651063250.4955,0,0
1651063250.5218,0,0
1651063250.5547,0,0
1651063250.5958,0,0
1651063250.6215,0,0
1651063250.6614,0,0
1651063250.6805,0,0
1651063250.7147,0,0
1651063250.7458,0,0
1651063250.7780,0,0
1651063250.7827,0,0
1651063250.7861,0,0
1651063250.8281,0,0
1651063250.8627,0,0
1651063250.8902,0,0
1651063250.8942,0,0
1651063250.8979,0,0
1651063250.9268,0,0
1651063250.9546,0,0
1651063250.9868,0,0
1651063251.0191,0,0
1651063251.0509,0,0
1651063251.0834,0,0
1651063251.1179,0,0
1651063251.1479,0,0
1651063251.1936,0,0
1651063251.2419,0,0
1651063251.2662,0,0
1651063251.2702,0,0
1651063251.2739,0,0
1651063251.3055,0,0
1651063251.3097,0,0
1651063251.3132,0,0
1651063251.3249,0,0
1651063251.3290,0,0
1651063251.3447,0,0
1651063251.3530,0,0
1651063251.3573,0,0
1651063251.3612,0,0
1651063251.3853,0,0
1651063251.3895,0,0
1651063251.4137,0,0
1651063251.4184,0,0
1651063251.4527,0,0
1651063251.4570,0,0
1651063251.4817,0,0
1651063251.4863,0,0
1651063251.4903,0,0
1651063251.4980,0,0
1651063251.5140,0,0
1651063251.5245,0,0
1651063251.5287,0,0
1651063251.5372,0,0
1651063251.5605,0,0
1651063251.5651,0,0
1651063251.6024,0,0
1651063251.6076,0,0
1651063251.6237,0,0
1651063251.6276,0,0
1651063251.6319,0,0
1651063251.6583,0,0
1651063251.6626,0,0
1651063251.7046,0,0
1651063251.7301,0,0
1651063251.7553,0,0
1651063251.7904,0,0
1651063251.8221,0,0
1651063251.8502,0,0
1651063251.8885,0,0
1651063251.9258,0,0
1651063251.9585,0,0
1651063251.9971,0,0
1651063252.0264,0,0
1651063252.0593,0,0
1651063252.0636,0,0
1651063252.0726,0,0
1651063252.0875,0,0
1651063252.0944,0,0
1651063252.1048,0,0
1651063252.1451,0,0
1651063252.1527,0,0
1651063252.1880,0,0
1651063252.2181,0,0
1651063252.2507,0,0
1651063252.2847,0,0
1651063252.3157,0,0
1651063252.3486,0,0
1651063252.3959,0,0
1651063252.4253,0,0
1651063252.4573,0,0
1651063252.4911,0,0
1651063252.5226,0,0
1651063252.5538,0,0
1651063252.5864,0,0
1651063252.6189,0,0
1651063252.6531,0,0
1651063252.6812,0,0
1651063252.7127,0,0
1651063252.7459,0,0
1651063252.7976,0,0
1651063252.8326,0,0
1651063252.8582,0,0
1651063252.8896,0,0
1651063252.8942,0,0
1651063252.9006,0,0
1651063252.9224,0,0
1651063252.9636,0,0
1651063252.9911,0,0
1651063253.0170,0,0
1651063253.0521,0,0
1651063253.0819,0,0
1651063253.1145,0,0
1651063253.1186,0,0
1651063253.1223,0,0
1651063253.1655,0,0
1651063253.1994,0,0
1651063253.2251,0,0
1651063253.2572,0,0
1651063253.2906,0,0
1651063253.3375,0,0
1651063253.3533,0,0
1651063253.3883,0,0
1651063253.4183,0,0
1651063253.4508,0,0
1651063253.4837,0,0
1651063253.5168,0,0
1651063253.5210,0,0
1651063253.5250,0,0
1651063253.5623,0,0
1651063253.5948,0,0
1651063253.6004,0,0
1651063253.6042,0,0
1651063253.6300,0,0
1651063253.6611,0,0
1651063253.6653,0,0
1651063253.6690,0,0
1651063253.6990,0,0
1651063253.7329,0,0
1651063253.7611,0,0
1651063253.7895,0,0
1651063253.8176,0,0
1651063253.8220,0,0
1651063253.8259,0,0
1651063253.8533,0,0
1651063253.8577,0,0
1651063253.8906,0,0
1651063253.8949,0,0
1651063253.8986,0,0
1651063253.9129,0,0
1651063253.9643,0,0
1651063253.9988,0,0
1651063254.0307,0,0
1651063254.0646,0,0
1651063254.0943,0,0
1651063254.0987,0,0
1651063254.1024,0,0
1651063254.1299,0,0
1651063254.1666,0,0
1651063254.1710,0,0
1651063254.1749,0,0
1651063254.1865,0,0
1651063254.1940,0,0
1651063254.2088,0,0
1651063254.2174,0,0
1651063254.2219,0,0
1651063254.2293,0,0
1651063254.2509,0,0
1651063254.2585,0,0
1651063254.2749,0,0
1651063254.2828,0,0
1651063254.2871,0,0
1651063254.2932,0,0
1651063254.3188,0,0
1651063254.3244,0,0
1651063254.3394,0,0
1651063254.3719,0,0
1651063254.3765,0,0
1651063254.3805,0,0
1651063254.3939,0,0
1651063254.4100,0,0
1651063254.4141,0,0
1651063254.4253,0,0
1651063254.4297,0,0
1651063254.4478,0,0
1651063254.4574,0,0
1651063254.4617,0,0
1651063254.4795,0,0
1651063254.4893,0,0
1651063254.5056,0,0
1651063254.5099,0,0
1651063254.5211,0,0
1651063254.5256,0,0
1651063254.5447,0,0
1651063254.5533,0,0
1651063254.5580,0,0
1651063254.5760,0,0
1651063254.5849,0,0
1651063254.6253,0,0
1651063254.6295,0,0
1651063254.6333,0,0
1651063254.6589,0,0
1651063254.6638,0,0
1651063254.6680,0,0
1651063254.6976,0,0
1651063254.7020,0,0
1651063254.7057,0,0
1651063254.7149,0,0
1651063254.7195,0,0
1651063254.7356,0,0
1651063254.7647,0,0
1651063254.7702,0,0
1651063254.7746,0,0
1651063254.7937,0,0
1651063254.8092,0,0
1651063254.8134,0,0
1651063254.8254,0,0
1651063254.8405,0,0
1651063254.8447,0,0
1651063254.8596,0,0
1651063254.8752,0,0
1651063254.8794,0,0
1651063254.8887,0,0
1651063254.9061,0,0
1651063254.9120,0,0
1651063254.9206,0,0
1651063254.9366,0,0
1651063254.9415,0,0
1651063254.9525,0,0
1651063254.9574,0,0
1651063254.9733,0,0
1651063255.0004,0,0
1651063255.0050,0,0
1651063255.0090,0,0
1651063255.0168,0,0
1651063255.0212,0,0
1651063255.0394,0,0
1651063255.0520,0,0
1651063255.1020,0,0
1651063255.1170,0,0
1651063255.1212,0,0
1651063255.1256,0,0
1651063255.1307,0,0
1651063255.1384,0,0
1651063255.1597,0,0
1651063255.1643,0,0
1651063255.1712,0,0
1651063255.2075,0,0
1651063255.2127,0,0
1651063255.2188,0,0
1651063255.2340,0,0
1651063255.2394,0,0
1651063255.2440,0,0
1651063255.2512,0,0
1651063255.2902,0,0
1651063255.2957,0,0
1651063255.3017,0,0
1651063255.3155,0,0
1651063255.3202,0,0
1651063255.3247,0,0
1651063255.3304,0,0
1651063255.3441,0,0
1651063255.3548,0,0
1651063255.3694,0,0
1651063255.3749,0,0
1651063255.3928,0,0
1651063255.4161,0,0
1651063255.4287,0,0
1651063255.4338,0,0
1651063255.4411,0,0
1651063255.4452,0,0
1651063255.4598,0,0
1651063255.4645,0,0
1651063255.4686,0,0
1651063255.4860,0,0
1651063255.4924,0,0
1651063255.4968,0,0
1651063255.5303,0,0
1651063255.5351,0,0
1651063255.5480,0,0
1651063255.5735,0,0
1651063255.5780,0,0
1651063255.5820,0,0
1651063255.6061,0,0
1651063255.6106,0,0
1651063255.6146,0,0
1651063255.6260,0,0
1651063255.6312,0,0
1651063255.6472,0,0
1651063255.6634,0,0
1651063255.6676,0,0
1651063255.6713,0,0
1651063255.7007,0,0
1651063255.7051,0,0
1651063255.7089,0,0
1651063255.7244,0,0
1651063255.7402,0,0
1651063255.7448,0,0
1651063255.7533,0,0
1651063255.7716,0,0
1651063255.7760,0,0
1651063255.7844,0,0
1651063255.7886,0,0
1651063255.8064,0,0
1651063255.8172,0,0
1651063255.8381,0,0
1651063255.8424,0,0
1651063255.8507,0,0
1651063255.8551,0,0
1651063255.8710,0,0
1651063255.8868,0,0
1651063255.8912,0,0
1651063255.9229,0,0
1651063255.9320,0,0
1651063255.9394,0,0
1651063255.9547,0,0
1651063255.9618,0,0
1651063255.9663,0,0
1651063255.9838,0,0
1651063255.9927,0,0
1651063256.0001,0,0
1651063256.0168,0,0
1651063256.0254,0,0
1651063256.0328,0,0
1651063256.0475,0,0
1651063256.0571,0,0
1651063256.0760,0,0
1651063256.0803,0,0
1651063256.0896,0,0
1651063256.1090,0,0
1651063256.1146,0,0
1651063256.1225,0,0
1651063256.1272,0,0
1651063256.1431,0,0
1651063256.1525,0,0
1651063256.1707,0,0
1651063256.1751,0,0
1651063256.1846,0,0
1651063256.2031,0,0
1651063256.2074,0,0
1651063256.2164,0,0
1651063256.2242,0,0
1651063256.2401,0,0
1651063256.2487,0,0
1651063256.2561,0,0
1651063256.2718,0,0
1651063256.2826,0,0
1651063256.2983,0,0
1651063256.3028,0,0
1651063256.3299,0,0
1651063256.3345,0,0
1651063256.3386,0,0
1651063256.3478,0,0
1651063256.3655,0,0
1651063256.3697,0,0
1651063256.3734,0,0
1651063256.3783,0,0
1651063256.3833,0,0
1651063256.3911,0,0
1651063256.3950,0,0
1651063256.3989,0,0
1651063256.4047,0,0
1651063256.4101,0,0
1651063256.4435,0,0
1651063256.4490,0,0
1651063256.4544,0,0
1651063256.4609,0,0
1651063256.4726,0,0
1651063256.4765,0,0
1651063256.4809,0,0
1651063256.4911,0,0
1651063256.5041,0,0
1651063256.5093,0,0
1651063256.5241,0,0
1651063256.5296,0,0
1651063256.5359,0,0
1651063256.5528,0,0
1651063256.5675,0,0
1651063256.5716,0,0
1651063256.5950,0,0
1651063256.6003,0,0
1651063256.6044,0,0
1651063256.6184,0,0
1651063256.6316,0,0
1651063256.6355,0,0
1651063256.6589,0,0
1651063256.6633,0,0
1651063256.6675,0,0
1651063256.6912,0,0
1651063256.6956,0,0
1651063256.6995,0,0
1651063256.7321,0,0
1651063256.7385,0,0
1651063256.7426,0,0
1651063256.7695,0,0
1651063256.7738,0,0
1651063256.7777,0,0
1651063256.8006,0,0
1651063256.8051,0,0
1651063256.8101,0,0
1651063256.8356,0,0
1651063256.8401,0,0
1651063256.8449,0,0
1651063256.8570,0,0
1651063256.8716,0,0
1651063256.8756,0,0
1651063256.8907,0,0
1651063256.9027,0,0
1651063256.9068,0,0
1651063256.9327,0,0
1651063256.9371,0,0
1651063256.9411,0,0
1651063256.9528,0,0
1651063256.9662,0,0
1651063256.9703,0,0
1651063256.9948,0,0
1651063256.9992,0,0
1651063257.0030,0,0
1651063257.0268,0,0
1651063257.0313,0,0
1651063257.0353,0,0
1651063257.0599,0,0
1651063257.0646,0,0
1651063257.0698,0,0
1651063257.0841,0,0
1651063257.0981,0,0
1651063257.1029,0,0
1651063257.1313,0,0
1651063257.1360,0,0
1651063257.1404,0,0
1651063257.1634,0,0
1651063257.1681,0,0
1651063257.1729,0,0
1651063257.1950,0,0
1651063257.1996,0,0
1651063257.2036,0,0
1651063257.2273,0,0
1651063257.2322,0,0
1651063257.2365,0,0
1651063257.2626,0,0
1651063257.2681,0,0
1651063257.2727,0,0
1651063257.2909,0,0
1651063257.2958,0,0
1651063257.3096,0,0
1651063257.3210,0,0
1651063257.3382,0,0
1651063257.3427,0,0
1651063257.3532,0,0
1651063257.3695,0,0
1651063257.3739,0,0
1651063257.3846,0,0
1651063257.4000,0,0
1651063257.4044,0,0
1651063257.4192,0,0
1651063257.4341,0,0
1651063257.4383,0,0
1651063257.5240,0,0
1651063257.5285,0,0
1651063257.5324,0,0
1651063257.5361,0,0
1651063257.5399,0,0
1651063257.5442,0,0
1651063257.5512,0,0
1651063257.5571,0,0
1651063257.5755,0,0
1651063257.5813,0,0
1651063257.5876,0,0
1651063257.6026,0,0
1651063257.6079,0,0
1651063257.6143,0,0
1651063257.6182,0,0
1651063257.6331,0,0
1651063257.6385,0,0
1651063257.6453,0,0
1651063257.6601,0,0
1651063257.6657,0,0
1651063257.6720,0,0
1651063257.6889,0,0
1651063257.6957,0,0
1651063257.7089,0,0
1651063257.7311,0,0
1651063257.7380,0,0
1651063257.7559,0,0
1651063257.7627,0,0
1651063257.7702,0,0
1651063257.7760,0,0
1651063257.7923,0,0
1651063257.7985,0,0
1651063257.8042,0,0
1651063257.8202,0,0
1651063257.8256,0,0
1651063257.8307,0,0
1651063257.8497,0,0
1651063257.8654,0,0
1651063257.8702,0,0
1651063257.9017,0,0
1651063257.9070,0,0
1651063257.9119,0,0
1651063257.9439,0,0
1651063257.9496,0,0
1651063257.9544,0,0
1651063257.9615,0,0
1651063257.9663,0,0
1651063257.9798,0,0
1651063258.0056,0,0
1651063258.0104,0,0
1651063258.0147,0,0
1651063258.0260,0,0
1651063258.0426,0,0
1651063258.0473,0,0
1651063258.0578,0,0
1651063258.0728,0,0
1651063258.0774,0,0
1651063258.0890,0,0
1651063258.1059,0,0
1651063258.1109,0,0
1651063258.1206,0,0
1651063258.1368,0,0
1651063258.1418,0,0
1651063258.1551,0,0
1651063258.1670,0,0
1651063258.1712,0,0
1651063258.1942,0,0
1651063258.1985,0,0
1651063258.2025,0,0
1651063258.2289,0,0
1651063258.2336,0,0
1651063258.2378,0,0
1651063258.2530,0,0
1651063258.2662,0,0
1651063258.2711,0,0
1651063258.3030,0,0
1651063258.3075,0,0
1651063258.3116,0,0
1651063258.3389,0,0
1651063258.3435,0,0
1651063258.3476,0,0
1651063258.3639,0,0
1651063258.3764,0,0
1651063258.3811,0,0
1651063258.4027,0,0
1651063258.4074,0,0
1651063258.4112,0,0
1651063258.4250,0,0
1651063258.4426,0,0
1651063258.4531,0,0
1651063258.4631,0,0
1651063258.4750,0,0
1651063258.4862,0,0
1651063258.5049,0,0
1651063258.5161,0,0
1651063258.5272,0,0
1651063258.5437,0,0
1651063258.5524,0,0
1651063258.5618,0,0
1651063258.5811,0,0
1651063258.5870,0,0
1651063258.5924,0,0
1651063258.6045,0,0
1651063258.6090,0,0
1651063258.6137,0,0
1651063258.6193,0,0
1651063258.6250,0,0
1651063258.6395,0,0
1651063258.6620,0,0
1651063258.6672,0,0
1651063258.6734,0,0
1651063258.7057,0,0
1651063258.7102,0,0
1651063258.7140,0,0
1651063258.7388,0,0
1651063258.7432,0,0
1651063258.7469,0,0
1651063258.7740,0,0
1651063258.7790,0,0
1651063258.7838,0,0
1651063258.7948,0,0
1651063258.8069,0,0
1651063258.8118,0,0
1651063258.8165,0,0
1651063258.8244,0,0
1651063258.8317,0,0
1651063258.8441,0,0
1651063258.8595,0,0
1651063258.8757,0,0
1651063258.8800,0,0
1651063258.8838,0,0
1651063258.8907,0,0
1651063258.8956,0,0
1651063258.9111,0,0
1651063258.9206,0,0
1651063258.9380,0,0
1651063258.9424,0,0
1651063258.9574,0,0
1651063258.9619,0,0
1651063258.9770,0,0
1651063258.9857,0,0
1651063258.9928,0,0
1651063259.0072,0,0
1651063259.0191,0,0
1651063259.0244,0,0
1651063259.0390,0,0
1651063259.0521,0,0
1651063259.0596,0,0
1651063259.0736,0,0
1651063259.1023,0,0
1651063259.1074,0,0
1651063259.1117,0,0
1651063259.1385,0,0
1651063259.1434,0,0
1651063259.1475,0,0
1651063259.1514,0,0
1651063259.1619,0,0
1651063259.1791,0,0
1651063259.1836,0,0
1651063259.1939,0,0
1651063259.2111,0,0
1651063259.2160,0,0
1651063259.2200,0,0
1651063259.2262,0,0
1651063259.2313,0,0
1651063259.2369,0,0
1651063259.2534,0,0
1651063259.2591,0,0
1651063259.2654,0,0
1651063259.2714,0,0
1651063259.2898,0,0
1651063259.2962,0,0
1651063259.3022,0,0
1651063259.3081,0,0
1651063259.3241,0,0
1651063259.3301,0,0
1651063259.3360,0,0
1651063259.3426,0,0
1651063259.3597,0,0
1651063259.3670,0,0
1651063259.3730,0,0
1651063259.3940,0,0
1651063259.3991,0,0
1651063259.4050,0,0
1651063259.4225,0,0
1651063259.4272,0,0
1651063259.4324,0,0
1651063259.4397,0,0
1651063259.4555,0,0
1651063259.4840,0,0
1651063259.4885,0,0
1651063259.4929,0,0
1651063259.5000,0,0
1651063259.5042,0,0
1651063259.5103,0,0
1651063259.5307,0,0
1651063259.5391,0,0
1651063259.5570,0,0
1651063259.5616,0,0
1651063259.5668,0,0
1651063259.5724,0,0
1651063259.6168,0,0
1651063259.6230,0,0
1651063259.6292,0,0
1651063259.6454,0,0
1651063259.6500,0,0
1651063259.6548,0,0
1651063259.6606,0,0
1651063259.6680,0,0
1651063259.6842,0,0
1651063259.6969,0,0
1651063259.7019,0,0
1651063259.7186,0,0
1651063259.7248,0,0
1651063259.7318,0,0
1651063259.7508,0,0
1651063259.7566,0,0
1651063259.7640,0,0
1651063259.7811,0,0
1651063259.7872,0,0
1651063259.8089,0,0
1651063259.8148,0,0
1651063259.8349,0,0
1651063259.8407,0,0
1651063259.8482,0,0
1651063259.8676,0,0
1651063259.8726,0,0
1651063259.8887,0,0
1651063259.9008,0,0
1651063259.9062,0,0
1651063259.9235,0,0
1651063259.9305,0,0
1651063259.9357,0,0
1651063259.9521,0,0
1651063259.9627,0,0
1651063259.9701,0,0
1651063259.9862,0,0
1651063259.9984,0,0
1651063260.0039,0,0
1651063260.0101,0,0
1651063437.3994,0,0
1651063437.4041,0,0
1651063437.4083,0,0
1651063437.4131,0,0
1651063437.4200,0,0
1651063437.4283,0,0
1651063437.4382,0,0
1651063437.4430,0,0
1651063437.4478,0,0
1651063437.4519,0,0
1651063437.4585,0,0
1651063437.4632,0,0
1651063437.4673,0,0
1651063437.5047,0,0
1651063437.5166,0,0
1651063437.5285,0,0
1651063437.5411,0,0
1651063437.5531,0,0
1651063437.5571,0,0
1651063437.5624,0,0
1651063437.5716,0,0
1651063437.5819,0,0
1651063437.5914,0,0
1651063437.5980,0,0
1651063437.6077,0,0
1651063437.6472,0,0
1651063437.6743,0,0
1651063437.7055,0,0
1651063437.7102,0,0
1651063437.7144,0,0
1651063437.7380,0,0
1651063437.7709,0,0
1651063437.8031,0,0
1651063437.8358,0,0
1651063437.8401,0,0
1651063437.8501,0,0
1651063437.8607,0,0
1651063437.8708,0,0
1651063437.8835,0,0
1651063437.8938,0,0
1651063437.9061,0,0
1651063437.9155,0,0
1651063437.9246,0,0
1651063437.9291,0,0
1651063437.9334,0,0
1651063437.9406,0,0
1651063437.9520,0,0
1651063437.9614,0,0
1651063437.9945,0,0
1651063438.0439,0,0
1651063438.0741,0,0
1651063438.1066,0,0
1651063438.1400,0,0
1651063438.1697,0,0
1651063438.2018,0,0
1651063438.2344,0,0
1651063438.2675,0,0
1651063438.2720,0,0
1651063438.2766,0,0
1651063438.2983,0,0
1651063438.3301,0,0
1651063438.3618,0,0
1651063438.3971,0,0
1651063438.4418,0,0
1651063438.4773,0,0
1651063438.4818,0,0
1651063438.4860,0,0
1651063438.5061,0,0
1651063438.5382,0,0
1651063438.5695,0,0
1651063438.6023,0,0
1651063438.6355,0,0
1651063438.6657,0,0
1651063438.6998,0,0
1651063438.7310,0,0
1651063438.7629,0,0
1651063438.7976,0,0
1651063438.8434,0,0
1651063438.8753,0,0
1651063438.9063,0,0
1651063438.9377,0,0
1651063438.9711,0,0
1651063439.0014,0,0
1651063439.0347,0,0
1651063439.0665,0,0
1651063439.0993,0,0
1651063439.1346,0,0
1651063439.1652,0,0
1651063439.1991,0,0
1651063439.2434,0,0
1651063439.2752,0,0
1651063439.3059,0,0
1651063439.3383,0,0
1651063439.3698,0,0
1651063439.4066,0,0
1651063439.4353,0,0
1651063439.4681,0,0
1651063439.4733,0,0
1651063439.4824,0,0
1651063439.4940,0,0
1651063439.5073,0,0
1651063439.5158,0,0
1651063439.5289,0,0
1651063439.5393,0,0
1651063439.5438,0,0
1651063439.5477,0,0
1651063439.5544,0,0
1651063439.5671,0,0
1651063439.6189,0,0
1651063439.6425,0,0
1651063439.6757,0,0
1651063439.7065,0,0
1651063439.7392,0,0
1651063439.7698,0,0
1651063439.8041,0,0
1651063439.8343,0,0
1651063439.8660,0,0
1651063439.8990,0,0
1651063439.9320,0,0
1651063439.9630,0,0
1651063440.0147,0,0
1651063440.0443,0,0
1651063440.0741,0,0
1651063440.1060,0,0
1651063440.1388,0,0
1651063440.1710,0,0
1651063440.2018,0,0
1651063440.2338,0,0
1651063440.2669,0,0
1651063440.3046,0,0
1651063440.3304,0,0
1651063440.3636,0,0
1651063440.4105,0,0
1651063440.4428,0,0
1651063440.4751,0,0
1651063440.5058,0,0
1651063440.5405,0,0
1651063440.5692,0,0
1651063440.6024,0,0
1651063440.6337,0,0
1651063440.6654,0,0
1651063440.6992,0,0
1651063440.7313,0,0
1651063440.7616,0,0
1651063440.8120,0,0
1651063440.8423,0,0
1651063440.8745,0,0
1651063440.8788,0,0
1651063440.8853,0,0
1651063440.9065,0,0
1651063440.9377,0,0
1651063440.9433,0,0
1651063440.9522,0,0
1651063440.9723,0,0
1651063441.0035,0,0
1651063441.0090,0,0
1651063441.0130,0,0
1651063441.0347,0,0
1651063441.0670,0,0
1651063441.0712,0,0
1651063441.0755,0,0
1651063441.0979,0,0
1651063441.1307,0,0
1651063441.1352,0,0
1651063441.1390,0,0
1651063441.1622,0,0
1651063441.2133,0,0
1651063441.2178,0,0
1651063441.2218,0,0
1651063441.2420,0,0
1651063441.2757,0,0
1651063441.2804,0,0
1651063441.2844,0,0
1651063441.3058,0,0
1651063441.3374,0,0
1651063441.3418,0,0
1651063441.3475,0,0
1651063441.3698,0,0
1651063441.3753,0,0
1651063441.3801,0,0
1651063441.4022,0,0
1651063441.4071,0,0
1651063441.4111,0,0
1651063441.4338,0,0
1651063441.4383,0,0
1651063441.4420,0,0
1651063441.4669,0,0
1651063441.4714,0,0
1651063441.4758,0,0
1651063441.5007,0,0
1651063441.5054,0,0
1651063441.5098,0,0
1651063441.5303,0,0
1651063441.5353,0,0
1651063441.5801,0,0
1651063441.5848,0,0
1651063441.6105,0,0
1651063441.6150,0,0
1651063441.6190,0,0
1651063441.6438,0,0
1651063441.6483,0,0
1651063441.6523,0,0
1651063441.6739,0,0
1651063441.6797,0,0
1651063441.6839,0,0
1651063441.7138,0,0
1651063441.7187,0,0
1651063441.7262,0,0
1651063441.7370,0,0
1651063441.7692,0,0
1651063441.7736,0,0
1651063441.7777,0,0
1651063441.8013,0,0
1651063441.8059,0,0
1651063441.8114,0,0
1651063441.8352,0,0
1651063441.8398,0,0
1651063441.8439,0,0
1651063441.8665,0,0
1651063441.8977,0,0
1651063441.9298,0,0
1651063441.9787,0,0
1651063442.0097,0,0
1651063442.0144,0,0
1651063442.0187,0,0
1651063442.0439,0,0
1651063442.0747,0,0
1651063442.1062,0,0
1651063442.1108,0,0
1651063442.1380,0,0
1651063442.1426,0,0
1651063442.1467,0,0
1651063442.1716,0,0
1651063442.1764,0,0
1651063442.1808,0,0
1651063442.2024,0,0
1651063442.2084,0,0
1651063442.2128,0,0
1651063442.2341,0,0
1651063442.2395,0,0
1651063442.2443,0,0
1651063442.2660,0,0
1651063442.2705,0,0
1651063442.2776,0,0
1651063442.2979,0,0
1651063442.3025,0,0
1651063442.3064,0,0
1651063442.3303,0,0
1651063442.3348,0,0
1651063442.3395,0,0
1651063442.3840,0,0
1651063442.4107,0,0
1651063442.4419,0,0
1651063442.4464,0,0
1651063442.4506,0,0
1651063442.4763,0,0
1651063442.4808,0,0
1651063442.4848,0,0
1651063442.5061,0,0
1651063442.5380,0,0
1651063442.5701,0,0
1651063442.6028,0,0
1651063442.6348,0,0
1651063442.6660,0,0
1651063442.6992,0,0
1651063442.7304,0,0
1651063442.7783,0,0
1651063442.7831,0,0
1651063442.7872,0,0
1651063442.8121,0,0
1651063442.8169,0,0
1651063442.8209,0,0
1651063442.8414,0,0
1651063442.8468,0,0
1651063442.8511,0,0
1651063442.8737,0,0
1651063442.8789,0,0
1651063442.8831,0,0
1651063442.9057,0,0
1651063442.9106,0,0
1651063442.9147,0,0
1651063442.9373,0,0
1651063442.9424,0,0
1651063442.9463,0,0
1651063442.9708,0,0
1651063442.9751,0,0
1651063442.9796,0,0
1651063443.0031,0,0
1651063443.0105,0,0
1651063443.0146,0,0
1651063443.0332,0,0
1651063443.0376,0,0
1651063443.0418,0,0
1651063443.0675,0,0
1651063443.0718,0,0
1651063443.0763,0,0
1651063443.0986,0,0
1651063443.1030,0,0
1651063443.1068,0,0
1651063443.1310,0,0
1651063443.1354,0,0
1651063443.1397,0,0
1651063443.1801,0,0
1651063443.1848,0,0
1651063443.1893,0,0
1651063443.2118,0,0
1651063443.2163,0,0
1651063443.2203,0,0
1651063443.2419,0,0
1651063443.2466,0,0
1651063443.2506,0,0
1651063443.2736,0,0
1651063443.2785,0,0
1651063443.2826,0,0
1651063443.3058,0,0
1651063443.3108,0,0
1651063443.3150,0,0
1651063443.3387,0,0
1651063443.3437,0,0
1651063443.3489,0,0
1651063443.3693,0,0
1651063443.3738,0,0
1651063443.3783,0,0
1651063443.4023,0,0
1651063443.4071,0,0
1651063443.4128,0,0
1651063443.4342,0,0
1651063443.4396,0,0
1651063443.4442,0,0
1651063443.4669,0,0
1651063443.4720,0,0
1651063443.4770,0,0
1651063443.4979,0,0
1651063443.5032,0,0
1651063443.5077,0,0
1651063443.5469,0,0
1651063443.5515,0,0
1651063443.5557,0,0
1651063443.5794,0,0
1651063443.5839,0,0
1651063443.5879,0,0
1651063443.6104,0,0
1651063443.6148,0,0
1651063443.6186,0,0
1651063443.6423,0,0
1651063443.6466,0,0
1651063443.6504,0,0
1651063443.6748,0,0
1651063443.6791,0,0
1651063443.6829,0,0
1651063443.7059,0,0
1651063443.7108,0,0
1651063443.7150,0,0
1651063443.7403,0,0
1651063443.7452,0,0
1651063443.7502,0,0
1651063443.7589,0,0
1651063443.7689,0,0
1651063443.7779,0,0
1651063443.7895,0,0
1651063443.7970,0,0
1651063443.8074,0,0
1651063443.8176,0,0
1651063443.8253,0,0
1651063443.8299,0,0
1651063443.8345,0,0
1651063443.8410,0,0
1651063443.8487,0,0
1651063443.8539,0,0
1651063443.8580,0,0
1651063443.8655,0,0
1651063443.8700,0,0
1651063443.8744,0,0
1651063443.8812,0,0
1651063443.8978,0,0
1651063443.9468,0,0
1651063443.9782,0,0
1651063444.0099,0,0
1651063444.0145,0,0
1651063444.0188,0,0
1651063444.0422,0,0
1651063444.0472,0,0
1651063444.0517,0,0
1651063444.0754,0,0
1651063444.1062,0,0
1651063444.1112,0,0
1651063444.1153,0,0
1651063444.1381,0,0
1651063444.1426,0,0
1651063444.1467,0,0
1651063444.1715,0,0
1651063444.1810,0,0
1651063444.1850,0,0
1651063444.2043,0,0
1651063444.2089,0,0
1651063444.2132,0,0
1651063444.2355,0,0
1651063444.2670,0,0
1651063444.2990,0,0
1651063444.3038,0,0
1651063444.3079,0,0
1651063444.3480,0,0
1651063444.3525,0,0
1651063444.3566,0,0
1651063444.3778,0,0
1651063444.4111,0,0
1651063444.4425,0,0
1651063444.4471,0,0
1651063444.4511,0,0
1651063444.4737,0,0
1651063444.4786,0,0
1651063444.4826,0,0
1651063444.5057,0,0
1651063444.5106,0,0
1651063444.5151,0,0
1651063444.5393,0,0
1651063444.5446,0,0
1651063444.5494,0,0
1651063444.5698,0,0
1651063444.6019,0,0
1651063444.6074,0,0
1651063444.6365,0,0
1651063444.6659,0,0
1651063444.6709,0,0
1651063444.6988,0,0
1651063444.7039,0,0
1651063444.7085,0,0
1651063444.7455,0,0
1651063444.7506,0,0
1651063444.7551,0,0
1651063444.7783,0,0
1651063444.7834,0,0
1651063444.7880,0,0
1651063444.8106,0,0
1651063444.8161,0,0
1651063444.8205,0,0
1651063444.8431,0,0
1651063444.8479,0,0
1651063444.8518,0,0
1651063444.8750,0,0
1651063444.8798,0,0
1651063444.8835,0,0
1651063444.9069,0,0
1651063444.9117,0,0
1651063444.9155,0,0
1651063444.9411,0,0
1651063444.9457,0,0
1651063444.9495,0,0
1651063444.9711,0,0
1651063444.9755,0,0
1651063444.9794,0,0
1651063445.0060,0,0
1651063445.0103,0,0
1651063445.0144,0,0
1651063445.0336,0,0
1651063445.0381,0,0
1651063445.0421,0,0
1651063445.0662,0,0
1651063445.0708,0,0
1651063445.0751,0,0
1651063445.0991,0,0
1651063445.1041,0,0
1651063445.1090,0,0
1651063445.1478,0,0
1651063445.1525,0,0
1651063445.1567,0,0
1651063445.1794,0,0
1651063445.1841,0,0
1651063445.1884,0,0
1651063445.2117,0,0
1651063445.2168,0,0
1651063445.2216,0,0
1651063445.2424,0,0
1651063445.2473,0,0
1651063445.2515,0,0
1651063445.2783,0,0
1651063445.2831,0,0
1651063445.2873,0,0
1651063445.3071,0,0
1651063445.3120,0,0
1651063445.3165,0,0
1651063445.3435,0,0
1651063445.3498,0,0
1651063445.3542,0,0
1651063445.3703,0,0
1651063445.3766,0,0
1651063445.3814,0,0
1651063445.4085,0,0
1651063445.4135,0,0
1651063445.4178,0,0
1651063445.4354,0,0
1651063445.4401,0,0
1651063445.4451,0,0
1651063445.4666,0,0
1651063445.4714,0,0
1651063445.4758,0,0
1651063445.5158,0,0
1651063445.5206,0,0
1651063445.5247,0,0
1651063445.5521,0,0
1651063445.5572,0,0
1651063445.5622,0,0
1651063445.5783,0,0
1651063445.5844,0,0
1651063445.5887,0,0
1651063445.6142,0,0
1651063445.6224,0,0
1651063445.6265,0,0
1651063445.6435,0,0
1651063445.6482,0,0
1651063445.6523,0,0
1651063445.6763,0,0
1651063445.6808,0,0
1651063445.6849,0,0
1651063445.7071,0,0
1651063445.7124,0,0
1651063445.7168,0,0
1651063445.7400,0,0
1651063445.7451,0,0
1651063445.7494,0,0
1651063445.7707,0,0
1651063445.7757,0,0
1651063445.7800,0,0
1651063445.8035,0,0
1651063445.8081,0,0
1651063445.8132,0,0
1651063445.8408,0,0
1651063445.8461,0,0
1651063445.8507,0,0
1651063445.8658,0,0
1651063445.8713,0,0
1651063445.8845,0,0
1651063445.9149,0,0
1651063445.9196,0,0
1651063445.9239,0,0
1651063445.9478,0,0
1651063445.9534,0,0
1651063445.9579,0,0
1651063445.9794,0,0
1651063445.9845,0,0
1651063445.9888,0,0
1651063446.0127,0,0
1651063446.0175,0,0
1651063446.0228,0,0
1651063446.0445,0,0
1651063446.0489,0,0
1651063446.0528,0,0
1651063446.0745,0,0
1651063446.0795,0,0
1651063446.0842,0,0
1651063446.1060,0,0
1651063446.1108,0,0
1651063446.1153,0,0
1651063446.1390,0,0
1651063446.1439,0,0
1651063446.1484,0,0
1651063446.1699,0,0
1651063446.1743,0,0
1651063446.1788,0,0
1651063446.2043,0,0
1651063446.2090,0,0
1651063446.2131,0,0
1651063446.2351,0,0
1651063446.2395,0,0
1651063446.2438,0,0
1651063446.2696,0,0
1651063446.2773,0,0
1651063446.2814,0,0
1651063446.3169,0,0
1651063446.3230,0,0
1651063446.3280,0,0
1651063446.3482,0,0
1651063446.3533,0,0
1651063446.3579,0,0
1651063446.3795,0,0
1651063446.3848,0,0
1651063446.3893,0,0
1651063446.4102,0,0
1651063446.4153,0,0
1651063446.4199,0,0
1651063446.4437,0,0
1651063446.4493,0,0
1651063446.4535,0,0
1651063446.4739,0,0
1651063446.4792,0,0
1651063446.4834,0,0
1651063446.5070,0,0
1651063446.5120,0,0
1651063446.5162,0,0
1651063446.5395,0,0
1651063446.5444,0,0
1651063446.5491,0,0
1651063446.5727,0,0
1651063446.5779,0,0
1651063446.5823,0,0
1651063446.6024,0,0
1651063446.6070,0,0
1651063446.6119,0,0
1651063446.6347,0,0
1651063446.6398,0,0
1651063446.6449,0,0
1651063446.6675,0,0
1651063446.6722,0,0
1651063446.6775,0,0
1651063446.7169,0,0
1651063446.7217,0,0
1651063446.7265,0,0
1651063446.7494,0,0
1651063446.7546,0,0
1651063446.7591,0,0
1651063446.7790,0,0
1651063446.7838,0,0
1651063446.7879,0,0
1651063446.8101,0,0
1651063446.8146,0,0
1651063446.8191,0,0
1651063446.8437,0,0
1651063446.8486,0,0
1651063446.8529,0,0
1651063446.8764,0,0
1651063446.8809,0,0
1651063446.8853,0,0
1651063446.9109,0,0
1651063446.9187,0,0
1651063446.9225,0,0
1651063446.9377,0,0
1651063446.9430,0,0
1651063446.9472,0,0
1651063446.9700,0,0
1651063446.9749,0,0
1651063446.9793,0,0
1651063447.0024,0,0
1651063447.0069,0,0
1651063447.0114,0,0
1651063447.0407,0,0
1651063447.0455,0,0
1651063447.0500,0,0
1651063447.0672,0,0
1651063447.0715,0,0
1651063447.0757,0,0
1651063447.1223,0,0
1651063447.1271,0,0
1651063447.1311,0,0
1651063447.1563,0,0
1651063447.1609,0,0
1651063447.1646,0,0
1651063447.1776,0,0
1651063447.1824,0,0
1651063447.1864,0,0
1651063447.2120,0,0
1651063447.2163,0,0
1651063447.2202,0,0
1651063447.2435,0,0
1651063447.2477,0,0
1651063447.2516,0,0
1651063447.2769,0,0
1651063447.2811,0,0
1651063447.2872,0,0
1651063447.3054,0,0
1651063447.3098,0,0
1651063447.3171,0,0
1651063447.3401,0,0
1651063447.3447,0,0
1651063447.3500,0,0
1651063447.3708,0,0
1651063447.3771,0,0
1651063447.3819,0,0
1651063447.3859,0,0
1651063447.4044,0,0
1651063447.4093,0,0
1651063447.4137,0,0
1651063447.4352,0,0
1651063447.4399,0,0
1651063447.4444,0,0
1651063447.4671,0,0
1651063447.4718,0,0
1651063447.4760,0,0
1651063447.5182,0,0
1651063447.5231,0,0
1651063447.5274,0,0
1651063447.5466,0,0
1651063447.5523,0,0
1651063447.5562,0,0
1651063447.5813,0,0
1651063447.5855,0,0
1651063447.5893,0,0
1651063447.6114,0,0
1651063447.6157,0,0
1651063447.6201,0,0
1651063447.6245,0,0
1651063447.6437,0,0
1651063447.6486,0,0
1651063447.6530,0,0
1651063447.6572,0,0
1651063447.6741,0,0
1651063447.6806,0,0
1651063447.6849,0,0
1651063447.6891,0,0
1651063447.7082,0,0
1651063447.7131,0,0
1651063447.7173,0,0
1651063447.7378,0,0
1651063447.7428,0,0
1651063447.7472,0,0
1651063447.7700,0,0
1651063447.7748,0,0
1651063447.7792,0,0
1651063447.8025,0,0
1651063447.8071,0,0
1651063447.8117,0,0
1651063447.8346,0,0
1651063447.8392,0,0
1651063447.8434,0,0
1651063447.8853,0,0
1651063447.8900,0,0
1651063447.8949,0,0
1651063447.9180,0,0
1651063447.9225,0,0
1651063447.9266,0,0
1651063447.9487,0,0
1651063447.9532,0,0
1651063447.9572,0,0
1651063447.9830,0,0
1651063447.9875,0,0
1651063447.9915,0,0
1651063448.0101,0,0
1651063448.0144,0,0
1651063448.0184,0,0
1651063448.0252,0,0
1651063448.0328,0,0
1651063448.0389,0,0
1651063448.0455,0,0
1651063448.0512,0,0
1651063448.0581,0,0
1651063448.0653,0,0
1651063448.0717,0,0
1651063448.0775,0,0
1651063448.0838,0,0
1651063448.0901,0,0
1651063448.0963,0,0
1651063448.1008,0,0
1651063448.1074,0,0
1651063448.1134,0,0
1651063448.1183,0,0
1651063448.1455,0,0
1651063448.1501,0,0
1651063448.1542,0,0
1651063448.1725,0,0
1651063448.1776,0,0
1651063448.1817,0,0
1651063448.2028,0,0
1651063448.2081,0,0
1651063448.2123,0,0
1651063448.2373,0,0
1651063448.2452,0,0
1651063448.2495,0,0
1651063448.2855,0,0
1651063448.2900,0,0
1651063448.2940,0,0
1651063448.3177,0,0
1651063448.3224,0,0
1651063448.3270,0,0
1651063448.3492,0,0
1651063448.3537,0,0
1651063448.3577,0,0
1651063448.3789,0,0
1651063448.3835,0,0
1651063448.3877,0,0
1651063448.4123,0,0
1651063448.4166,0,0
1651063448.4205,0,0
1651063448.4438,0,0
1651063448.4484,0,0
1651063448.4523,0,0
1651063448.4739,0,0
1651063448.4789,0,0
1651063448.4833,0,0
1651063448.5094,0,0
1651063448.5141,0,0
1651063448.5181,0,0
1651063448.5384,0,0
1651063448.5435,0,0
1651063448.5478,0,0
1651063448.5710,0,0
1651063448.5757,0,0
1651063448.5806,0,0
1651063448.6054,0,0
1651063448.6100,0,0
1651063448.6143,0,0
1651063448.6352,0,0
1651063448.6403,0,0
1651063448.6445,0,0
1651063448.6857,0,0
1651063448.6904,0,0
1651063448.6946,0,0
1651063448.7161,0,0
1651063448.7207,0,0
1651063448.7246,0,0
1651063448.7481,0,0
1651063448.7529,0,0
1651063448.7569,0,0
1651063448.7809,0,0
1651063448.7856,0,0
1651063448.7898,0,0
1651063448.8129,0,0
1651063448.8175,0,0
1651063448.8216,0,0
1651063448.8258,0,0
1651063448.8422,0,0
1651063448.8479,0,0
1651063448.8521,0,0
1651063448.8752,0,0
1651063448.8811,0,0
1651063448.8851,0,0
1651063448.8896,0,0
1651063448.9060,0,0
1651063448.9106,0,0
1651063448.9148,0,0
1651063448.9480,0,0
1651063448.9526,0,0
1651063448.9587,0,0
1651063448.9803,0,0
1651063448.9847,0,0
1651063448.9895,0,0
1651063448.9940,0,0
1651063449.0046,0,0
1651063449.0091,0,0
1651063449.0135,0,0
1651063449.0183,0,0
1651063449.0356,0,0
1651063449.0413,0,0
1651063449.0454,0,0
1651063449.0492,0,0
1651063449.0848,0,0
1651063449.0893,0,0
1651063449.0935,0,0
1651063449.1165,0,0
1651063449.1209,0,0
1651063449.1250,0,0
1651063449.1464,0,0
1651063449.1511,0,0
1651063449.1551,0,0
1651063449.1820,0,0
1651063449.1867,0,0
1651063449.1909,0,0
1651063449.2125,0,0
1651063449.2171,0,0
1651063449.2212,0,0
1651063449.2254,0,0
1651063449.2443,0,0
1651063449.2486,0,0
1651063449.2526,0,0
1651063449.2564,0,0
1651063449.2765,0,0
1651063449.2811,0,0
1651063449.2851,0,0
1651063449.2896,0,0
1651063449.3073,0,0
1651063449.3120,0,0
1651063449.3162,0,0
1651063449.3392,0,0
1651063449.3442,0,0
1651063449.3500,0,0
1651063449.3540,0,0
1651063449.3718,0,0
1651063449.3763,0,0
1651063449.3802,0,0
1651063449.4026,0,0
1651063449.4071,0,0
1651063449.4116,0,0
1651063449.4379,0,0
1651063449.4428,0,0
1651063449.4469,0,0
1651063449.4507,0,0
1651063449.4838,0,0
1651063449.4884,0,0
1651063449.4926,0,0
1651063449.4967,0,0
1651063449.5144,0,0
1651063449.5189,0,0
1651063449.5233,0,0
1651063449.5532,0,0
1651063449.5578,0,0
1651063449.5621,0,0
1651063449.5800,0,0
1651063449.5845,0,0
1651063449.5889,0,0
1651063449.6125,0,0
1651063449.6172,0,0
1651063449.6212,0,0
1651063449.6253,0,0
1651063449.6444,0,0
1651063449.6489,0,0
1651063449.6530,0,0
1651063449.6569,0,0
1651063449.6746,0,0
1651063449.6792,0,0
1651063449.6837,0,0
1651063449.6877,0,0
1651063449.7068,0,0
1651063449.7119,0,0
1651063449.7160,0,0
1651063449.7200,0,0
1651063449.7391,0,0
1651063449.7439,0,0
1651063449.7481,0,0
1651063449.7528,0,0
1651063449.7719,0,0
1651063449.7766,0,0
1651063449.7807,0,0
1651063449.8033,0,0
1651063449.8079,0,0
1651063449.8123,0,0
1651063449.8165,0,0
1651063449.8530,0,0
1651063449.8577,0,0
1651063449.8618,0,0
1651063449.8665,0,0
1651063449.8843,0,0
1651063449.8911,0,0
1651063449.8952,0,0
1651063449.8992,0,0
1651063449.9150,0,0
1651063449.9207,0,0
1651063449.9247,0,0
1651063449.9501,0,0
1651063449.9545,0,0
1651063449.9588,0,0
1651063449.9629,0,0
1651063449.9776,0,0
1651063449.9840,0,0
1651063449.9880,0,0
1651063449.9921,0,0
1651063450.0117,0,0
1651063450.0164,0,0
1651063450.0205,0,0
1651063450.0244,0,0
1651063450.0450,0,0
1651063450.0495,0,0
1651063450.0534,0,0
1651063450.0573,0,0
1651063450.0771,0,0
1651063450.0825,0,0
1651063450.0867,0,0
1651063450.0905,0,0
1651063450.1056,0,0
1651063450.1132,0,0
1651063450.1177,0,0
1651063450.1216,0,0
1651063450.1379,0,0
1651063450.1444,0,0
1651063450.1488,0,0
1651063450.1537,0,0
1651063450.1718,0,0
1651063450.1769,0,0
1651063450.1810,0,0
1651063450.2028,0,0
1651063450.2074,0,0
1651063450.2116,0,0
1651063450.2157,0,0
1651063450.2522,0,0
1651063450.2569,0,0
1651063450.2609,0,0
1651063450.2831,0,0
1651063450.2876,0,0
1651063450.2916,0,0
1651063450.2958,0,0
1651063450.3144,0,0
1651063450.3192,0,0
1651063450.3234,0,0
1651063450.3273,0,0
1651063450.3468,0,0
1651063450.3517,0,0
1651063450.3562,0,0
1651063450.3602,0,0
1651063450.3791,0,0
1651063450.3845,0,0
1651063450.3885,0,0
1651063450.3928,0,0
1651063450.4116,0,0
1651063450.4160,0,0
1651063450.4199,0,0
1651063450.4443,0,0
1651063450.4490,0,0
1651063450.4530,0,0
1651063450.4568,0,0
1651063450.4751,0,0
1651063450.4796,0,0
1651063450.4838,0,0
1651063450.4877,0,0
1651063450.5067,0,0
1651063450.5113,0,0
1651063450.5152,0,0
1651063450.5381,0,0
1651063450.5427,0,0
1651063450.5470,0,0
1651063450.5713,0,0
1651063450.5760,0,0
1651063450.5801,0,0
1651063450.6030,0,0
1651063450.6079,0,0
1651063450.6123,0,0
1651063450.6165,0,0
1651063450.6505,0,0
1651063450.6555,0,0
1651063450.6600,0,0
1651063450.6638,0,0
1651063450.6835,0,0
1651063450.6882,0,0
1651063450.6922,0,0
1651063450.7160,0,0
1651063450.7205,0,0
1651063450.7247,0,0
1651063450.7488,0,0
1651063450.7536,0,0
1651063450.7577,0,0
1651063450.7782,0,0
1651063450.7834,0,0
1651063450.7875,0,0
1651063450.7926,0,0
1651063450.8109,0,0
1651063450.8212,0,0
1651063450.8257,0,0
1651063450.8362,0,0
1651063450.8426,0,0
1651063450.8484,0,0
1651063450.8532,0,0
1651063450.8743,0,0
1651063450.8794,0,0
1651063450.8840,0,0
1651063450.8883,0,0
1651063450.9082,0,0
1651063450.9129,0,0
1651063450.9173,0,0
1651063450.9216,0,0
1651063450.9404,0,0
1651063450.9450,0,0
1651063450.9491,0,0
1651063450.9539,0,0
1651063450.9707,0,0
1651063450.9777,0,0
1651063450.9820,0,0
1651063451.0037,0,0
1651063451.0083,0,0
1651063451.0126,0,0
1651063451.0613,0,0
1651063451.0660,0,0
1651063451.0700,0,0
1651063451.0855,0,0
1651063451.0903,0,0
1651063451.0955,0,0
1651063451.1148,0,0
1651063451.1194,0,0
1651063451.1236,0,0
1651063451.1277,0,0
1651063451.1466,0,0
1651063451.1514,0,0
1651063451.1569,0,0
1651063451.1610,0,0
1651063451.1653,0,0
1651063451.1781,0,0
1651063451.1848,0,0
1651063451.1889,0,0
1651063451.2115,0,0
1651063451.2159,0,0
1651063451.2199,0,0
1651063451.2421,0,0
1651063451.2466,0,0
1651063451.2508,0,0
1651063451.2753,0,0
1651063451.2797,0,0
1651063451.2838,0,0
1651063451.3078,0,0
1651063451.3123,0,0
1651063451.3167,0,0
1651063451.3380,0,0
1651063451.3426,0,0
1651063451.3481,0,0
1651063516.6889,0,0
1651063516.6942,0,0
1651063516.6989,0,0
1651063516.7034,0,0
1651063516.7121,0,0
1651063516.7232,0,0
1651063516.7309,0,0
1651063516.7357,0,0
1651063516.7409,0,0
1651063516.7458,0,0
1651063516.7550,0,0
1651063516.7605,0,0
1651063516.7662,0,0
1651063516.8000,0,0
1651063516.8092,0,0
1651063516.8216,0,0
1651063516.8367,0,0
1651063516.8468,0,0
1651063516.8635,0,0
1651063516.8720,0,0
1651063516.8855,0,0
1651063516.8932,0,0
1651063516.9030,0,0
1651063516.9106,0,0
1651063516.9436,0,0
1651063516.9707,0,0
1651063517.0212,0,0
1651063517.0272,0,0
1651063517.0330,0,0
1651063517.0475,0,0
1651063517.0533,0,0
1651063517.0587,0,0
1651063517.0806,0,0
1651063517.1142,0,0
1651063517.1474,0,0
1651063517.1757,0,0
1651063517.2109,0,0
1651063517.2411,0,0
1651063517.2729,0,0
1651063517.2788,0,0
1651063517.2842,0,0
1651063517.3045,0,0
1651063517.3406,0,0
1651063517.3743,0,0
1651063517.4181,0,0
1651063517.4629,0,0
1651063517.4808,0,0
1651063517.5124,0,0
1651063517.5448,0,0
1651063517.5756,0,0
1651063517.6167,0,0
1651063517.6468,0,0
1651063517.6729,0,0
1651063517.7093,0,0
1651063517.7147,0,0
1651063517.7198,0,0
1651063517.7297,0,0
1651063517.7436,0,0
1651063517.7526,0,0
1651063517.7642,0,0
1651063517.7760,0,0
1651063517.7869,0,0
1651063517.7950,0,0
1651063517.8187,0,0
1651063517.8489,0,0
1651063517.8817,0,0
1651063517.9167,0,0
1651063517.9449,0,0
1651063517.9787,0,0
1651063518.0110,0,0
1651063518.0417,0,0
1651063518.0755,0,0
1651063518.1054,0,0
1651063518.1365,0,0
1651063518.1967,0,0
1651063518.2174,0,0
1651063518.2497,0,0
1651063518.2864,0,0
1651063518.3119,0,0
1651063518.3448,0,0
1651063518.3772,0,0
1651063518.4175,0,0
1651063518.4414,0,0
1651063518.4763,0,0
1651063518.4822,0,0
1651063518.4885,0,0
1651063518.4963,0,0
1651063518.5079,0,0
1651063518.5175,0,0
1651063518.5290,0,0
1651063518.5394,0,0
1651063518.5513,0,0
1651063518.5611,0,0
1651063518.5667,0,0
1651063518.5726,0,0
1651063518.5782,0,0
1651063518.5874,0,0
1651063518.6183,0,0
1651063518.6501,0,0
1651063518.6810,0,0
1651063518.7139,0,0
1651063518.7454,0,0
1651063518.7777,0,0
1651063518.8108,0,0
1651063518.8407,0,0
1651063518.8724,0,0
1651063518.9043,0,0
1651063518.9370,0,0
1651063518.9871,0,0
1651063519.0201,0,0
1651063519.0475,0,0
1651063519.0816,0,0
1651063519.1127,0,0
1651063519.1453,0,0
1651063519.1762,0,0
1651063519.2111,0,0
1651063519.2402,0,0
1651063519.2836,0,0
1651063519.3034,0,0
1651063519.3361,0,0
1651063519.3869,0,0
1651063519.4158,0,0
1651063519.4498,0,0
1651063519.4828,0,0
1651063519.5118,0,0
1651063519.5448,0,0
1651063519.5763,0,0
1651063519.6086,0,0
1651063519.6400,0,0
1651063519.6728,0,0
1651063519.7049,0,0
1651063519.7362,0,0
1651063519.7876,0,0
1651063519.8258,0,0
1651063519.8563,0,0
1651063519.8809,0,0
1651063519.9128,0,0
1651063519.9457,0,0
1651063519.9511,0,0
1651063519.9558,0,0
1651063519.9755,0,0
1651063520.0099,0,0
1651063520.0152,0,0
1651063520.0208,0,0
1651063520.0409,0,0
1651063520.0747,0,0
1651063520.0803,0,0
1651063520.0857,0,0
1651063520.1062,0,0
1651063520.1567,0,0
1651063520.1625,0,0
1651063520.1859,0,0
1651063520.1920,0,0
1651063520.1976,0,0
1651063520.2171,0,0
1651063520.2254,0,0
1651063520.2314,0,0
1651063520.2591,0,0
1651063520.2884,0,0
1651063520.3125,0,0
1651063520.3446,0,0
1651063520.3784,0,0
1651063520.4085,0,0
1651063520.4142,0,0
1651063520.4194,0,0
1651063520.4411,0,0
1651063520.4733,0,0
1651063520.4792,0,0
1651063520.4848,0,0
1651063520.5040,0,0
1651063520.5562,0,0
1651063520.5620,0,0
1651063520.5679,0,0
1651063520.5837,0,0
1651063520.6188,0,0
1651063520.6245,0,0
1651063520.6482,0,0
1651063520.6799,0,0
1651063520.6857,0,0
1651063520.6909,0,0
1651063520.7149,0,0
1651063520.7207,0,0
1651063520.7268,0,0
1651063520.7444,0,0
1651063520.7871,0,0
1651063520.8094,0,0
1651063520.8411,0,0
1651063520.8469,0,0
1651063520.8810,0,0
1651063520.9065,0,0
1651063520.9558,0,0
1651063520.9858,0,0
1651063520.9912,0,0
1651063520.9965,0,0
1651063521.0161,0,0
1651063521.0247,0,0
1651063521.0301,0,0
1651063521.0490,0,0
1651063521.0563,0,0
1651063521.0617,0,0
1651063521.0807,0,0
1651063521.0878,0,0
1651063521.0939,0,0
1651063521.1111,0,0
1651063521.1181,0,0
1651063521.1243,0,0
1651063521.1442,0,0
1651063521.1509,0,0
1651063521.1566,0,0
1651063521.1762,0,0
1651063521.1841,0,0
1651063521.1899,0,0
1651063521.2087,0,0
1651063521.2158,0,0
1651063521.2217,0,0
1651063521.2412,0,0
1651063521.2482,0,0
1651063521.2542,0,0
1651063521.2738,0,0
1651063521.3052,0,0
1651063521.3207,0,0
1651063521.3267,0,0
1651063521.3545,0,0
1651063521.3844,0,0
1651063521.3908,0,0
1651063521.3969,0,0
1651063521.4184,0,0
1651063521.4262,0,0
1651063521.4483,0,0
1651063521.4812,0,0
1651063521.4871,0,0
1651063521.4927,0,0
1651063521.5129,0,0
1651063521.5464,0,0
1651063521.5523,0,0
1651063521.5577,0,0
1651063521.5787,0,0
1651063521.6121,0,0
1651063521.6183,0,0
1651063521.6253,0,0
1651063521.6419,0,0
1651063521.6727,0,0
1651063521.6792,0,0
1651063521.6851,0,0
1651063521.7066,0,0
1651063521.7562,0,0
1651063521.7621,0,0
1651063521.7676,0,0
1651063521.7877,0,0
1651063521.7949,0,0
1651063521.8017,0,0
1651063521.8155,0,0
1651063521.8217,0,0
1651063521.8285,0,0
1651063521.8477,0,0
1651063521.8536,0,0
1651063521.8591,0,0
1651063521.8811,0,0
1651063521.8887,0,0
1651063521.8945,0,0
1651063521.9134,0,0
1651063521.9207,0,0
1651063521.9266,0,0
1651063521.9447,0,0
1651063521.9515,0,0
1651063521.9578,0,0
1651063521.9788,0,0
1651063521.9849,0,0
1651063521.9904,0,0
1651063522.0100,0,0
1651063522.0200,0,0
1651063522.0275,0,0
1651063522.0478,0,0
1651063522.0544,0,0
1651063522.0605,0,0
1651063522.0734,0,0
1651063522.0827,0,0
1651063522.0893,0,0
1651063522.1058,0,0
1651063522.1150,0,0
1651063522.1220,0,0
1651063522.1560,0,0
1651063522.1630,0,0
1651063522.1690,0,0
1651063522.1888,0,0
1651063522.1958,0,0
1651063522.2019,0,0
1651063522.2180,0,0
1651063522.2256,0,0
1651063522.2339,0,0
1651063522.2609,0,0
1651063522.2672,0,0
1651063522.2755,0,0
1651063522.2816,0,0
1651063522.2902,0,0
1651063522.2968,0,0
1651063522.3120,0,0
1651063522.3202,0,0
1651063522.3264,0,0
1651063522.3446,0,0
1651063522.3516,0,0
1651063522.3577,0,0
1651063522.3770,0,0
1651063522.3838,0,0
1651063522.3903,0,0
1651063522.4090,0,0
1651063522.4170,0,0
1651063522.4232,0,0
1651063522.4420,0,0
1651063522.4496,0,0
1651063522.4557,0,0
1651063522.4745,0,0
1651063522.4815,0,0
1651063522.4889,0,0
1651063522.5243,0,0
1651063522.5572,0,0
1651063522.5877,0,0
1651063522.5942,0,0
1651063522.5999,0,0
1651063522.6181,0,0
1651063522.6250,0,0
1651063522.6311,0,0
1651063522.6488,0,0
1651063522.6590,0,0
1651063522.6649,0,0
1651063522.6800,0,0
1651063522.6885,0,0
1651063522.6948,0,0
1651063522.7130,0,0
1651063522.7205,0,0
1651063522.7266,0,0
1651063522.7458,0,0
1651063522.7521,0,0
1651063522.7582,0,0
1651063522.7678,0,0
1651063522.7746,0,0
1651063522.7826,0,0
1651063522.7884,0,0
1651063522.7943,0,0
1651063522.8004,0,0
1651063522.8063,0,0
1651063522.8135,0,0
1651063522.8196,0,0
1651063522.8291,0,0
1651063522.8362,0,0
1651063522.8440,0,0
1651063522.8518,0,0
1651063522.8593,0,0
1651063522.8681,0,0
1651063522.8761,0,0
1651063522.8832,0,0
1651063522.8936,0,0
1651063522.9234,0,0
1651063522.9311,0,0
1651063522.9382,0,0
1651063522.9531,0,0
1651063522.9614,0,0
1651063522.9679,0,0
1651063522.9857,0,0
1651063522.9936,0,0
1651063523.0008,0,0
1651063523.0175,0,0
1651063523.0243,0,0
1651063523.0316,0,0
1651063523.0488,0,0
1651063523.0568,0,0
1651063523.0633,0,0
1651063523.0804,0,0
1651063523.0887,0,0
1651063523.0950,0,0
1651063523.1129,0,0
1651063523.1213,0,0
1651063523.1274,0,0
1651063523.1492,0,0
1651063523.1558,0,0
1651063523.1620,0,0
1651063523.1765,0,0
1651063523.1843,0,0
1651063523.1905,0,0
1651063523.2089,0,0
1651063523.2165,0,0
1651063523.2238,0,0
1651063523.2439,0,0
1651063523.2504,0,0
1651063523.2565,0,0
1651063523.2750,0,0
1651063523.2823,0,0
1651063523.2902,0,0
1651063523.3232,0,0
1651063523.3300,0,0
1651063523.3375,0,0
1651063523.3607,0,0
1651063523.3681,0,0
1651063523.3749,0,0
1651063523.3857,0,0
1651063523.3941,0,0
1651063523.4006,0,0
1651063523.4170,0,0
1651063523.4241,0,0
1651063523.4312,0,0
1651063523.4503,0,0
1651063523.4573,0,0
1651063523.4636,0,0
1651063523.4798,0,0
1651063523.4875,0,0
1651063523.4941,0,0
1651063523.5139,0,0
1651063523.5220,0,0
1651063523.5286,0,0
1651063523.5446,0,0
1651063523.5545,0,0
1651063523.5607,0,0
1651063523.5767,0,0
1651063523.5851,0,0
1651063523.5914,0,0
1651063523.6169,0,0
1651063523.6262,0,0
1651063523.6329,0,0
1651063523.6427,0,0
1651063523.6503,0,0
1651063523.6575,0,0
1651063523.6742,0,0
1651063523.6819,0,0
1651063523.6890,0,0
1651063523.7249,0,0
1651063523.7313,0,0
1651063523.7371,0,0
1651063523.7541,0,0
1651063523.7622,0,0
1651063523.7692,0,0
1651063523.7866,0,0
1651063523.7937,0,0
1651063523.8010,0,0
1651063523.8270,0,0
1651063523.8335,0,0
1651063523.8392,0,0
1651063523.8490,0,0
1651063523.8558,0,0
1651063523.8636,0,0
1651063523.8825,0,0
1651063523.8891,0,0
1651063523.8958,0,0
1651063523.9141,0,0
1651063523.9205,0,0
1651063523.9282,0,0
1651063523.9455,0,0
1651063523.9524,0,0
1651063523.9584,0,0
1651063523.9768,0,0
1651063523.9848,0,0
1651063523.9909,0,0
1651063524.0105,0,0
1651063524.0170,0,0
1651063524.0238,0,0
1651063524.0412,0,0
1651063524.0490,0,0
1651063524.0553,0,0
1651063524.0766,0,0
1651063524.0831,0,0
1651063524.0891,0,0
1651063524.1238,0,0
1651063524.1308,0,0
1651063524.1365,0,0
1651063575.9341,0,0
1651063575.9397,0,0
1651063575.9451,0,0
1651063575.9499,0,0
1651063575.9580,0,0
1651063575.9683,0,0
1651063575.9778,0,0
1651063575.9841,0,0
1651063575.9897,0,0
1651063575.9974,0,0
1651063576.0031,0,0
1651063576.0091,0,0
1651063576.0150,0,0
1651063576.0485,0,0
1651063576.0578,0,0
1651063576.0713,0,0
1651063576.0820,0,0
1651063576.0935,0,0
1651063576.1030,0,0
1651063576.1131,0,0
1651063576.1331,0,0
1651063576.1574,0,0
1651063576.1649,0,0
1651063576.2057,0,0
1651063576.2462,0,0
1651063576.2801,0,0
1651063576.3054,0,0
1651063576.3381,0,0
1651063576.3760,0,0
1651063576.4017,0,0
1651063576.4317,0,0
1651063576.4633,0,0
1651063576.4691,0,0
1651063576.4745,0,0
1651063576.5029,0,0
1651063576.5437,0,0
1651063576.5494,0,0
1651063576.5547,0,0
1651063576.5832,0,0
1651063576.6163,0,0
1651063576.6452,0,0
1651063576.6782,0,0
1651063576.7086,0,0
1651063576.7386,0,0
1651063576.7453,0,0
1651063576.7505,0,0
1651063576.7769,0,0
1651063576.7987,0,0
1651063576.8368,0,0
1651063576.8651,0,0
1651063576.9142,0,0
1651063576.9422,0,0
1651063576.9739,0,0
1651063577.0078,0,0
1651063577.0374,0,0
1651063577.0741,0,0
1651063577.0792,0,0
1651063577.0858,0,0
1651063577.0976,0,0
1651063577.1102,0,0
1651063577.1194,0,0
1651063577.1322,0,0
1651063577.1400,0,0
1651063577.1448,0,0
1651063577.1496,0,0
1651063577.1573,0,0
1651063577.1706,0,0
1651063577.2012,0,0
1651063577.2442,0,0
1651063577.2779,0,0
1651063577.3139,0,0
1651063577.3454,0,0
1651063577.3739,0,0
1651063577.4064,0,0
1651063577.4386,0,0
1651063577.4707,0,0
1651063577.5024,0,0
1651063577.5346,0,0
1651063577.5797,0,0
1651063577.6144,0,0
1651063577.6474,0,0
1651063577.6827,0,0
1651063577.7144,0,0
1651063577.7466,0,0
1651063577.7759,0,0
1651063577.8072,0,0
1651063577.8386,0,0
1651063577.8741,0,0
1651063577.9029,0,0
1651063577.9597,0,0
1651063577.9886,0,0
1651063578.0128,0,0
1651063578.0476,0,0
1651063578.0788,0,0
1651063578.1103,0,0
1651063578.1426,0,0
1651063578.1745,0,0
1651063578.2047,0,0
1651063578.2409,0,0
1651063578.2702,0,0
1651063578.3246,0,0
1651063578.3634,0,0
1651063578.3862,0,0
1651063578.4155,0,0
1651063578.4459,0,0
1651063578.4779,0,0
1651063578.5097,0,0
1651063578.5455,0,0
1651063578.5504,0,0
1651063578.5580,0,0
1651063578.5791,0,0
1651063578.5842,0,0
1651063578.5941,0,0
1651063578.5990,0,0
1651063578.6097,0,0
1651063578.6235,0,0
1651063578.6282,0,0
1651063578.6339,0,0
1651063578.6387,0,0
1651063578.6547,0,0
1651063578.6908,0,0
1651063578.7272,0,0
1651063578.7557,0,0
1651063578.7850,0,0
1651063578.8149,0,0
1651063578.8550,0,0
1651063578.8817,0,0
1651063578.9120,0,0
1651063578.9427,0,0
1651063578.9739,0,0
1651063579.0232,0,0
1651063579.0531,0,0
1651063579.0583,0,0
1651063579.0629,0,0
1651063579.0913,0,0
1651063579.1216,0,0
1651063579.1526,0,0
1651063579.1828,0,0
1651063579.2168,0,0
1651063579.2447,0,0
1651063579.2777,0,0
1651063579.3112,0,0
1651063579.3591,0,0
1651063579.3920,0,0
1651063579.4240,0,0
1651063579.4549,0,0
1651063579.4869,0,0
1651063579.5202,0,0
1651063579.5252,0,0
1651063579.5299,0,0
1651063579.5573,0,0
1651063579.5859,0,0
1651063579.5910,0,0
1651063579.5954,0,0
1651063579.6140,0,0
1651063579.6496,0,0
1651063579.6545,0,0
1651063579.6593,0,0
1651063579.6845,0,0
1651063579.7248,0,0
1651063579.7306,0,0
1651063579.7352,0,0
1651063579.7689,0,0
1651063579.8001,0,0
1651063579.8262,0,0
1651063579.8546,0,0
1651063579.8600,0,0
1651063579.8661,0,0
1651063579.8946,0,0
1651063579.8996,0,0
1651063579.9040,0,0
1651063579.9193,0,0
1651063579.9621,0,0
1651063579.9671,0,0
1651063579.9716,0,0
1651063579.9814,0,0
1651063579.9868,0,0
1651063580.0022,0,0
1651063580.0126,0,0
1651063580.0611,0,0
1651063580.0936,0,0
1651063580.0990,0,0
1651063580.1036,0,0
1651063580.1287,0,0
1651063580.1599,0,0
1651063580.1654,0,0
1651063580.1703,0,0
1651063580.1991,0,0
1651063580.2249,0,0
1651063580.2555,0,0
1651063580.2603,0,0
1651063580.2665,0,0
1651063580.2899,0,0
1651063580.2952,0,0
1651063580.3001,0,0
1651063580.3276,0,0
1651063580.3331,0,0
1651063580.3381,0,0
1651063580.3504,0,0
1651063580.3585,0,0
1651063580.3739,0,0
1651063580.3813,0,0
1651063580.3908,0,0
1651063580.3965,0,0
1651063580.4342,0,0
1651063580.4393,0,0
1651063580.4439,0,0
1651063580.4694,0,0
1651063580.4752,0,0
1651063580.4801,0,0
1651063580.4924,0,0
1651063580.5127,0,0
1651063580.5176,0,0
1651063580.5251,0,0
1651063580.5561,0,0
1651063580.5706,0,0
1651063580.5761,0,0
1651063580.5908,0,0
1651063580.6055,0,0
1651063580.6106,0,0
1651063580.6217,0,0
1651063580.6392,0,0
1651063580.6443,0,0
1651063580.6532,0,0
1651063580.6609,0,0
1651063580.6769,0,0
1651063580.6854,0,0
1651063580.6933,0,0
1651063580.7109,0,0
1651063580.7187,0,0
1651063580.7272,0,0
1651063580.7435,0,0
1651063580.7700,0,0
1651063580.7758,0,0
1651063580.7809,0,0
1651063580.8001,0,0
1651063580.8059,0,0
1651063580.8217,0,0
1651063580.8303,0,0
1651063580.8453,0,0
1651063580.8502,0,0
1651063580.8613,0,0
1651063580.8689,0,0
1651063580.8827,0,0
1651063580.8927,0,0
1651063580.9006,0,0
1651063580.9137,0,0
1651063580.9251,0,0
1651063580.9599,0,0
1651063580.9650,0,0
1651063580.9694,0,0
1651063580.9961,0,0
1651063581.0010,0,0
1651063581.0065,0,0
1651063581.0346,0,0
1651063581.0398,0,0
1651063581.0444,0,0
1651063581.0544,0,0
1651063581.0599,0,0
1651063581.1230,0,0
1651063581.1287,0,0
1651063581.1350,0,0
1651063581.1403,0,0
1651063581.1542,0,0
1651063581.1602,0,0
1651063581.1654,0,0
1651063581.1708,0,0
1651063581.1759,0,0
1651063581.1835,0,0
1651063581.2230,0,0
1651063581.2312,0,0
1651063581.2389,0,0
1651063581.2556,0,0
1651063581.2623,0,0
1651063581.2679,0,0
1651063581.2829,0,0
1651063581.3036,0,0
1651063581.3183,0,0
1651063581.3278,0,0
1651063581.3336,0,0
1651063581.3483,0,0
1651063581.3549,0,0
1651063581.3703,0,0
1651063581.3769,0,0
1651063581.3843,0,0
1651063581.4009,0,0
1651063581.4093,0,0
1651063581.4148,0,0
1651063581.4474,0,0
1651063581.4557,0,0
1651063581.4606,0,0
1651063581.4754,0,0
1651063581.4842,0,0
1651063581.4894,0,0
1651063581.5080,0,0
1651063581.5166,0,0
1651063581.5218,0,0
1651063581.5387,0,0
1651063581.5460,0,0
1651063581.5606,0,0
1651063581.5686,0,0
1651063581.5753,0,0
1651063581.5877,0,0
1651063581.5985,0,0
1651063581.6145,0,0
1651063581.6229,0,0
1651063581.6386,0,0
1651063581.6472,0,0
1651063581.6535,0,0
1651063581.6721,0,0
1651063581.6789,0,0
1651063581.6841,0,0
1651063581.7005,0,0
1651063581.7066,0,0
1651063581.7146,0,0
1651063581.7314,0,0
1651063581.7400,0,0
1651063581.7464,0,0
1651063581.7659,0,0
1651063581.7725,0,0
1651063581.7780,0,0
1651063581.7938,0,0
1651063581.8007,0,0
1651063581.8070,0,0
1651063581.8464,0,0
1651063581.8522,0,0
1651063581.8570,0,0
1651063581.8846,0,0
1651063581.8897,0,0
1651063581.8943,0,0
1651063581.9023,0,0
1651063581.9103,0,0
1651063581.9261,0,0
1651063581.9329,0,0
1651063581.9424,0,0
1651063581.9582,0,0
1651063581.9652,0,0
1651063581.9704,0,0
1651063581.9884,0,0
1651063581.9979,0,0
1651063582.0070,0,0
1651063582.0222,0,0
1651063582.0305,0,0
1651063582.0384,0,0
1651063582.0431,0,0
1651063582.0641,0,0
1651063582.0709,0,0
1651063582.0858,0,0
1651063582.0942,0,0
1651063582.1021,0,0
1651063582.1166,0,0
1651063582.1246,0,0
1651063582.1324,0,0
1651063582.1470,0,0
1651063582.1771,0,0
1651063582.1820,0,0
1651063582.2093,0,0
1651063582.2146,0,0
1651063582.2193,0,0
1651063582.2462,0,0
1651063582.2509,0,0
1651063582.2555,0,0
1651063582.2810,0,0
1651063582.2859,0,0
1651063582.2903,0,0
1651063582.3148,0,0
1651063582.3198,0,0
1651063582.3240,0,0
1651063582.3345,0,0
1651063582.3398,0,0
1651063582.3518,0,0
1651063582.3674,0,0
1651063582.3844,0,0
1651063582.3893,0,0
1651063582.3965,0,0
1651063582.4043,0,0
1651063582.4187,0,0
1651063582.4280,0,0
1651063582.4354,0,0
1651063582.4499,0,0
1651063873.5566,1000,1000
1651063873.5615,1000,1000
1651063873.5656,1000,1000
1651063873.5699,162,162
1651063873.5793,147,147
1651063873.5898,133,133
1651063873.5995,110,110
1651063873.6042,122,122
1651063873.6086,123,123
1651063873.6154,129,129
1651063873.6202,120,120
1651063873.6250,117,117
1651063873.6293,113,113
1651063873.6348,117,117
1651063874.1174,1000,1000
1651063874.1940,1000,1000
1651063874.2702,1000,1000
1651063874.3413,8,8
1651063874.4090,9,9
1651063874.4852,9,9
1651063874.5561,9,9
1651063874.6232,9,9
1651063874.7002,9,9
1651063874.7699,9,9
1651063874.8369,9,9
1651063874.9107,9,9
1651063874.9803,9,9
1651063875.0297,9,9
1651063875.0815,10,10
1651063875.1356,11,11
1651063875.1892,12,12
1651063875.2425,12,12
1651063875.2873,12,12
1651063875.3352,12,12
1651063875.3735,12,12
1651063875.4193,12,12
1651063875.4575,13,13
1651063875.5109,12,12
1651063875.5404,12,12
1651063875.5702,12,12
1651063875.6042,12,12
1651063875.6307,13,13
1651063875.6823,12,12
1651063875.7091,12,12
1651063875.7513,14,14
1651063875.7923,13,13
1651063875.8324,12,12
1651063875.8562,14,14
1651063875.8954,12,12
1651063875.9311,13,13
1651063875.9686,13,13
1651063875.9999,13,13
1651063876.0353,11,11
1651063876.0401,16,16
1651063876.1099,16,16
1651063876.1862,17,17
1651063876.2612,17,17
1651063876.3384,14,14
1651063876.4175,14,14
1651063876.4965,12,12
1651063876.5459,11,11
1651063876.5833,11,11
1651063876.6138,10,10
1651063876.6442,11,11
1651063876.6813,12,12
1651063876.7394,13,13
1651063876.7748,14,14
1651063876.8253,13,13
1651063876.8450,14,14
1651063876.8733,14,14
1651063876.9104,14,14
1651063876.9670,14,14
1651063877.0138,12,12
1651063877.0440,14,14
1651063877.0764,15,15
1651063877.1161,13,13
1651063877.1527,13,13
1651063877.2020,14,14
1651063877.2669,12,12
1651063877.2715,15,15
1651063877.3420,15,15
1651063877.4142,15,15
1651063877.4861,18,18
1651063877.5538,14,14
1651063877.6213,9,9
1651063877.6262,12,12
1651063877.6680,12,12
1651063877.7100,12,12
1651063877.7430,11,11
1651063877.7657,12,12
1651063877.8023,11,11
1651063877.8258,16,16
1651063877.8676,15,15
1651063877.8987,14,14
1651063877.9517,14,14
1651063877.9931,13,13
1651063878.0145,14,14
1651063878.0511,14,14
1651063878.0836,15,15
1651063878.1529,12,12
1651063878.1789,14,14
1651063878.2222,14,14
1651063878.2497,14,14
1651063878.2824,13,13
1651063878.3156,15,15
1651063878.3704,15,15
1651063878.4129,14,14
1651063878.4453,15,15
1651063878.4890,14,14
1651063878.5315,14,14
1651063878.5645,14,14
1651063878.6201,13,13
1651063878.6702,14,14
1651063878.7249,12,12
1651063878.7668,15,15
1651063878.8335,13,13
1651063878.8661,13,13
1651063878.9061,14,14
1651063878.9627,14,14
1651063878.9952,11,11
1651063879.0271,12,12
1651063879.0571,14,14
1651063879.0942,14,14
1651063879.1281,14,14
1651063879.1609,13,13
1651063879.2124,13,13
1651063879.2454,14,14
1651063879.2958,13,13
1651063879.3268,14,14
1651063879.3746,13,13
1651063879.4089,13,13
1651063879.4387,14,14
1651063879.4763,14,14
1651063879.5198,14,14
1651063879.5491,14,14
1651063879.5938,15,15
1651063879.6701,15,15
1651063879.7292,13,13
1651063879.7670,14,14
1651063879.8020,14,14
1651063879.8447,12,12
1651063879.8953,13,13
1651063879.9311,13,13
1651063879.9704,15,15
1651063880.0284,14,14
1651063880.0635,14,14
1651063880.1095,14,14
1651063880.1687,14,14
1651063880.2158,13,13
1651063880.2737,13,13
1651063880.3130,14,14
1651063880.3691,12,12
1651063880.4099,13,13
1651063880.4455,13,13
1651063880.5026,13,13
1651063880.5356,14,14
1651063880.5823,14,14
1651063880.6296,13,13
1651063880.6618,14,14
1651063880.7145,15,15
1651063880.7763,13,13
1651063880.8110,13,13
1651063880.8515,15,15
1651063880.9044,14,14
1651063880.9632,14,14
1651063881.0320,16,16
1651063881.1065,14,14
1651063881.1625,13,13
1651063881.2162,12,12
1651063881.2573,11,11
1651063881.2837,12,12
1651063881.3239,12,12
1651063881.3480,12,12
1651063881.3771,12,12
1651063881.4090,13,13
1651063881.4562,13,13
1651063881.4824,13,13
1651063881.5214,14,14
1651063881.5575,15,15
1651063881.6150,14,14
1651063881.6473,14,14
1651063881.7056,14,14
1651063881.7417,15,15
1651063881.8154,13,13
1651063881.8617,14,14
1651063881.9088,13,13
1651063881.9620,13,13
1651063881.9926,12,12
1651063882.0397,14,14
1651063882.0913,14,14
1651063882.1265,15,15
1651063882.1822,15,15
1651063882.2197,14,14
1651063882.2453,13,13
1651063882.2720,13,13
1651063882.3065,14,14
1651063882.3356,15,15
1651063882.3718,14,14
1651063882.4167,16,16
1651063882.4766,16,16
1651063882.5336,14,14
1651063882.5602,15,15
1651063882.6003,14,14
1651063882.6393,13,13
1651063882.6809,13,13
1651063882.7296,13,13
1651063882.7687,15,15
1651063882.8059,14,14
1651063882.8444,14,14
1651063882.8845,13,13
1651063882.9232,14,14
1651063882.9835,13,13
1651063883.0151,14,14
1651063883.0928,10,10
1651063883.0978,14,14
1651063883.1627,13,13
1651063883.2304,15,15
1651063883.3027,18,18
1651063883.3705,14,14
1651063883.4425,9,9
1651063883.4477,14,14
1651063883.5247,14,14
1651063883.6052,14,14
1651063883.6930,17,17
1651063883.7504,10,10
1651063883.7819,12,12
1651063883.8356,10,10
1651063883.8668,9,9
1651063883.8714,12,12
1651063883.9128,12,12
1651063883.9569,13,13
1651063884.0229,13,13
1651063884.0798,14,14
1651063884.1193,16,16
1651063884.1767,14,14
1651063884.2242,14,14
1651063884.2906,14,14
1651063884.3341,14,14
1651063884.3834,12,12
1651063884.4132,15,15
1651063884.4860,13,13
1651063884.5296,14,14
1651063884.5699,14,14
1651063884.6198,13,13
1651063884.6382,14,14
1651063884.6687,11,11
1651063884.6925,13,13
1651063884.7336,13,13
1651063884.7580,13,13
1651063884.7928,13,13
1651063884.8249,14,14
1651063884.8735,15,15
1651063884.9148,14,14
1651063884.9390,14,14
1651063884.9879,13,13
1651063885.0046,13,13
1651063885.0361,14,14
1651063885.0784,12,12
1651063885.1061,14,14
1651063885.1480,14,14
1651063885.1737,15,15
1651063885.2238,14,14
1651063885.2639,15,15
1651063885.3177,13,13
1651063885.3448,14,14
1651063885.3966,14,14
1651063885.4289,13,13
1651063885.4800,13,13
1651063885.5138,14,14
1651063885.5727,14,14
1651063885.6069,13,13
1651063885.6602,14,14
1651063885.7114,13,13
1651063885.7403,14,14
1651063885.7867,13,13
1651063885.8173,14,14
1651063885.8617,13,13
1651063885.9103,13,13
1651063885.9563,13,13
1651063885.9811,12,12
1651063886.0098,14,14
1651063886.0502,14,14
1651063886.0842,14,14
1651063886.1273,13,13
1651063886.1713,13,13
1651063886.2016,15,15
1651063886.2423,14,14
1651063886.2703,15,15
1651063886.3276,13,13
1651063886.3643,13,13
1651063886.3995,14,14
1651063886.4354,14,14
1651063886.4738,14,14
1651063886.5130,13,13
1651063886.5565,13,13
1651063886.5827,14,14
1651063886.6187,15,15
1651063886.6744,13,13
1651063886.6962,13,13
1651063886.7328,12,12
1651063886.7393,14,14
1651063886.7789,15,15
1651063886.8258,13,13
1651063886.8630,14,14
1651063886.9427,12,12
1651063886.9780,15,15
1651063887.0288,12,12
1651063887.0711,13,13
1651063887.1238,10,10
1651063887.1463,14,14
1651063887.1852,14,14
1651063887.2214,13,13
1651063887.2595,13,13
1651063887.2933,15,15
1651063887.3528,15,15
1651063887.3887,15,15
1651063887.4296,14,14
1651063887.4592,15,15
1651063887.5048,14,14
1651063887.5362,13,13
1651063887.5847,14,14
1651063887.6076,15,15
1651063887.6522,14,14
1651063887.6770,14,14
1651063887.7131,15,15
1651063887.7726,13,13
1651063887.8130,14,14
1651063887.8632,13,13
1651063887.8950,14,14
1651063887.9314,14,14
1651063887.9756,12,12
1651063888.0029,15,15
1651063888.0398,14,14
1651063888.0771,14,14
1651063888.1158,15,15
1651063888.1533,14,14
1651063888.1853,14,14
1651063888.2213,15,15
1651063888.2552,12,12
1651063888.2604,14,14
1651063888.2996,14,14
1651063888.3670,13,13
1651063888.4167,13,13
1651063888.4560,15,15
1651063888.5251,13,13
1651063888.5790,15,15
1651063888.6509,11,11
1651063888.6563,14,14
1651063888.7047,13,13
1651063888.7511,10,10
1651063888.7562,14,14
1651063888.8171,13,13
1651063888.8813,14,14
1651063888.8860,17,17
1651063888.9332,14,14
1651063888.9848,16,16
1651063889.0176,13,13
1651063889.0552,12,12
1651063889.0887,16,16
1651063889.1356,15,15
1651063889.1781,10,10
1651063889.1831,14,14
1651063889.2543,15,15
1651063889.3251,15,15
1651063889.3951,15,15
1651063889.4647,9,9
1651063889.4698,12,12
1651063889.5111,13,13
1651063889.5603,13,13
1651063889.6160,11,11
1651063889.6423,12,12
1651063889.6767,17,17
1651063889.7228,16,16
1651063889.7583,14,14
1651063889.8115,12,12
1651063889.8356,14,14
1651063889.8704,14,14
1651063889.9004,14,14
1651063889.9447,14,14
1651063889.9829,14,14
1651063890.0194,14,14
1651063890.0733,14,14
1651063890.1031,15,15
1651063890.1465,13,13
1651063890.1782,15,15
1651063890.2370,13,13
1651063890.2672,13,13
1651063890.3111,14,14
1651063890.3487,13,13
1651063890.3853,14,14
1651063890.4274,12,12
1651063890.4667,14,14
1651063890.5092,13,13
1651063890.5472,14,14
1651063890.5872,14,14
1651063890.6281,14,14
1651063890.6750,14,14
1651063890.7171,13,13
1651063890.7578,14,14
1651063890.8060,13,13
1651063890.8425,13,13
1651063890.8864,13,13
1651063890.9280,13,13
1651063890.9614,14,14
1651063891.0059,12,12
1651063891.0332,13,13
1651063891.0625,16,16
1651063891.1355,13,13
1651063891.1633,15,15
1651063891.2243,13,13
1651063891.2546,15,15
1651063891.3017,13,13
1651063891.3702,15,15
1651063891.4116,15,15
1651063891.4876,12,12
1651063891.4926,14,14
1651063891.5356,13,13
1651063891.5831,11,11
1651063891.5878,14,14
1651063891.6299,14,14
1651063891.6769,10,10
1651063891.6815,17,17
1651063891.7222,17,17
1651063891.7671,15,15
1651063891.8186,16,16
1651063891.8567,13,13
1651063891.8859,13,13
1651063891.9166,16,16
1651063891.9557,13,13
1651063891.9845,14,14
1651063892.0281,14,14
1651063892.0833,13,13
1651063892.1149,15,15
1651063892.1655,14,14
1651063892.2173,14,14
1651063892.2643,13,13
1651063892.3061,15,15
1651063892.3608,13,13
1651063892.4116,13,13
1651063892.4636,13,13
1651063892.5066,14,14
1651063892.5557,13,13
1651063892.6022,13,13
1651063892.6495,14,14
1651063892.7081,14,14
1651063892.7653,13,13
1651063892.8106,13,13
1651063892.8591,13,13
1651063892.9287,11,11
1651063892.9758,13,13
1651063893.0372,12,12
1651063893.0825,13,13
1651063893.1398,14,14
1651063893.1980,14,14
1651063893.2618,14,14
1651063893.3162,12,12
1651063893.3494,13,13
1651063893.3943,12,12
1651063893.4253,12,12
1651063893.4573,13,13
1651063893.5087,12,12
1651063893.5366,15,15
1651063893.5786,15,15
1651063893.6200,15,15
1651063893.6672,14,14
1651063893.6893,15,15
1651063893.7306,15,15
1651063893.7671,15,15
1651063893.8113,14,14
1651063893.8706,13,13
1651063893.9064,14,14
1651063893.9518,13,13
1651063893.9918,13,13
1651063894.0252,13,13
1651063894.0657,12,12
1651063894.0951,13,13
1651063894.1164,15,15
1651063894.1676,14,14
1651063894.2200,14,14
1651063894.2622,13,13
1651063894.2954,14,14
1651063894.3237,14,14
1651063894.3492,16,16
1651063894.4050,14,14
1651063894.4834,13,13
1651063894.5328,13,13
1651063894.5778,13,13
1651063894.6175,12,12
1651063894.6646,12,12
1651063894.7167,11,11
1651063894.7219,14,14
1651063894.7779,15,15
1651063894.8403,11,11
1651063894.8453,15,15
1651063894.9093,15,15
1651063894.9817,17,17
1651063895.0841,12,12
1651063895.0889,16,16
1651063895.1693,12,12
1651063895.2507,18,18
1651063895.3048,15,15
1651063895.3292,15,15
1651063895.3611,10,10
1651063895.3985,10,10
1651063895.4273,12,12
1651063895.4771,12,12
1651063895.5135,13,13
1651063895.5531,12,12
1651063895.5585,17,17
1651063895.6388,17,17
1651063895.7187,16,16
1651063895.7955,17,17
1651063895.8538,10,10
1651063895.8666,11,11
1651063895.8995,12,12
1651063895.9442,10,10
1651063895.9630,11,11
1651063895.9985,13,13
1651063896.0466,11,11
1651063896.0758,14,14
1651063896.1104,15,15
1651063896.1581,13,13
1651063896.1894,15,15
1651063896.2453,12,12
1651063896.2725,14,14
1651063896.3087,14,14
1651063896.3358,15,15
1651063896.3937,13,13
1651063896.4181,15,15
1651063896.4792,14,14
1651063896.5028,15,15
1651063896.5432,14,14
1651063896.5794,14,14
1651063896.6390,14,14
1651063896.6594,14,14
1651063896.6960,14,14
1651063896.7156,14,14
1651063896.7466,15,15
1651063896.8177,14,14
1651063896.8903,15,15
1651063896.9466,15,15
1651063896.9962,11,11
1651063897.0264,12,12
1651063897.0737,11,11
1651063897.0987,13,13
1651063897.1762,11,11
1651063897.2084,12,12
1651063897.2541,13,13
1651063897.2928,11,11
1651063897.3137,13,13
1651063897.3574,12,12
1651063897.4082,16,16
1651063897.4791,15,15
1651063897.5444,16,16
1651063897.6157,13,13
1651063897.6535,12,12
1651063897.6975,12,12
1651063897.7380,12,12
1651063897.7683,14,14
1651063897.8457,16,16
1651063897.9566,12,12
1651063898.0089,9,9
1651063898.0468,10,10
1651063898.1024,9,9
1651063898.1246,12,12
1651063898.1521,12,12
1651063898.1766,13,13
1651063898.2156,15,15
1651063898.2827,14,14
1651063898.3515,15,15
1651063898.3828,15,15
1651063898.4389,13,13
1651063898.4621,14,14
1651063898.5272,12,12
1651063898.5584,16,16
1651063898.6235,13,13
1651063898.6685,14,14
1651063898.6971,15,15
1651063898.7387,14,14
1651063898.7624,14,14
1651063898.8015,13,13
1651063898.8511,13,13
1651063898.8851,14,14
1651063898.9295,15,15
1651063898.9685,16,16
1651063899.0241,13,13
1651063899.0528,15,15
1651063899.1158,14,14
1651063899.1484,14,14
1651063899.1925,13,13
1651063899.2237,12,12
1651063899.2562,14,14
1651063899.2855,15,15
1651063899.3302,14,14
1651063899.3715,16,16
1651063899.4377,14,14
