1652269341.0418,1000,1000
1652269341.0468,1000,1000
1652269341.0507,1000,1000
1652269341.0541,2400000,2400000
1652269341.0608,2080000,2080000
1652269341.0744,1568000,1568000
1652269341.0883,1320000,1320000
1652269341.1021,1192000,1192000
1652269341.1160,1104000,1104000
1652269341.1297,1056000,1056000
1652269341.1453,1000000,1000000
1652269341.1578,984000,984000
1652269341.1722,960000,960000
1652269341.1848,944000,944000
1652269341.1983,920000,920000
1652269341.2120,864000,864000
1652269341.2168,896000,896000
1652269341.2322,880000,880000
1652269341.2436,880000,880000
1652269341.2580,872000,872000
1652269341.2721,856000,856000
1652269341.2828,856000,856000
1652269341.2971,856000,856000
1652269341.3125,824000,824000
1652269341.3250,744000,744000
1652269341.3459,736000,736000
1652269341.3704,688000,688000
1652269341.3842,688000,688000
1652269341.3977,696000,696000
1652269341.4119,696000,696000
1652269341.4252,656000,656000
1652269341.4300,680000,680000
1652269341.4417,688000,688000
1652269341.4630,680000,680000
1652269341.4782,664000,664000
1652269341.4835,688000,688000
1652269341.4969,696000,696000
1652269341.5110,688000,688000
1652269341.5240,696000,696000
1652269341.5397,648000,648000
1652269341.5453,672000,672000
1652269341.5548,680000,680000
1652269341.5686,688000,688000
1652269341.5826,680000,680000
1652269341.5960,672000,672000
1652269341.6038,688000,688000
1652269341.6160,736000,736000
1652269341.6300,736000,736000
1652269341.6435,736000,736000
1652269341.6575,720000,720000
1652269341.6728,712000,712000
1652269341.6867,744000,744000
1652269341.7008,712000,712000
1652269341.7144,720000,720000
1652269341.7285,704000,704000
1652269341.7485,672000,672000
1652269341.7621,664000,664000
1652269341.7759,664000,664000
1652269341.7895,664000,664000
1652269341.8032,704000,704000
1652269341.8170,664000,664000
1652269341.8305,664000,664000
1652269341.8441,664000,664000
1652269341.8576,664000,664000
1652269341.8630,672000,672000
1652269341.8760,664000,664000
1652269341.8900,672000,672000
1652269341.9041,664000,664000
1652269341.9174,664000,664000
1652269341.9265,680000,680000
1652269341.9373,688000,688000
1652269341.9519,688000,688000
1652269341.9657,688000,688000
1652269341.9788,656000,656000
1652269341.9842,720000,720000
1652269341.9961,736000,736000
1652269342.0101,736000,736000
1652269342.0239,712000,712000
1652269342.0287,736000,736000
1652269342.0431,744000,744000
1652269342.0572,736000,736000
1652269342.0710,704000,704000
1652269342.0763,728000,728000
1652269342.0883,736000,736000
1652269342.1020,736000,736000
1652269342.1153,760000,760000
1652269342.1314,728000,728000
1652269342.1455,728000,728000
1652269342.1585,728000,728000
1652269342.1739,736000,736000
1652269342.1842,728000,728000
1652269342.1976,728000,728000
1652269342.2119,728000,728000
1652269342.2256,712000,712000
1652269342.2383,752000,752000
1652269342.2509,720000,720000
1652269342.2695,720000,720000
1652269342.2786,744000,744000
1652269342.2945,720000,720000
1652269342.3045,720000,720000
1652269342.3183,728000,728000
1652269342.3320,760000,760000
1652269342.4112,528000,528000
1652269342.4190,536000,536000
1652269342.4236,560000,560000
1652269342.4279,600000,600000
1652269342.4320,616000,616000
1652269342.4380,640000,640000
1652269342.4462,648000,648000
1652269342.4600,648000,648000
1652269342.4742,640000,640000
1652269342.4866,648000,648000
1652269342.4993,648000,648000
1652269342.5139,648000,648000
1652269342.5272,648000,648000
1652269342.5406,648000,648000
1652269342.5558,648000,648000
1652269342.5731,624000,624000
1652269342.5897,608000,608000
1652269342.5961,632000,632000
1652269342.6106,872000,872000
1652269342.6324,832000,832000
1652269342.6384,848000,848000
1652269342.6527,840000,840000
1652269342.6676,832000,832000
1652269342.6816,824000,824000
1652269342.6951,752000,752000
1652269342.7086,712000,712000
1652269342.7205,712000,712000
1652269342.7346,728000,728000
1652269342.7475,720000,720000
1652269342.7630,720000,720000
1652269342.7825,704000,704000
1652269342.7900,720000,720000
1652269342.8073,712000,712000
1652269342.8176,720000,720000
1652269342.8308,736000,736000
1652269342.8443,752000,752000
1652269342.8584,736000,736000
1652269342.8720,704000,704000
1652269342.8780,744000,744000
1652269342.8915,752000,752000
1652269342.9042,736000,736000
1652269342.9165,728000,728000
1652269342.9301,728000,728000
1652269342.9439,736000,736000
1652269342.9650,720000,720000
1652269342.9729,728000,728000
1652269342.9900,712000,712000
1652269343.0020,720000,720000
1652269343.0155,720000,720000
1652269343.0291,728000,728000
1652269343.0551,664000,664000
1652269343.0626,688000,688000
1652269343.0688,712000,712000
1652269343.0772,712000,712000
1652269343.0897,720000,720000
1652269343.1050,688000,688000
1652269343.1132,704000,704000
1652269343.1246,744000,744000
1652269343.1381,752000,752000
1652269343.1519,728000,728000
1652269343.1654,680000,680000
1652269343.1720,712000,712000
1652269343.1835,720000,720000
1652269343.1954,728000,728000
1652269343.2091,728000,728000
1652269343.2225,704000,704000
1652269343.2282,728000,728000
1652269343.2391,736000,736000
1652269343.2555,736000,736000
1652269343.2660,736000,736000
1652269343.2792,696000,696000
1652269343.2851,720000,720000
1652269343.2969,792000,792000
1652269343.3099,792000,792000
1652269343.3242,776000,776000
1652269343.3723,632000,632000
1652269343.3788,632000,632000
1652269343.3874,640000,640000
1652269343.4019,640000,640000
1652269343.4193,664000,664000
1652269343.4319,672000,672000
1652269343.4476,632000,632000
1652269343.4592,632000,632000
1652269343.4731,632000,632000
1652269343.4868,640000,640000
1652269343.5031,600000,600000
1652269343.5095,616000,616000
1652269343.5188,624000,624000
1652269343.5309,640000,640000
1652269343.5450,648000,648000
1652269343.5606,608000,608000
1652269343.5671,624000,624000
1652269343.5805,624000,624000
1652269343.5938,768000,768000
1652269343.6078,728000,728000
1652269343.6158,752000,752000
1652269343.6278,752000,752000
1652269343.6420,736000,736000
1652269343.6564,712000,712000
1652269343.6695,704000,704000
1652269343.6769,728000,728000
1652269343.7073,680000,680000
1652269343.7126,704000,704000
1652269343.7188,720000,720000
1652269343.7310,688000,688000
1652269343.7363,712000,712000
1652269343.7503,744000,744000
1652269343.7631,752000,752000
1652269343.7766,728000,728000
1652269343.7925,680000,680000
1652269343.7981,728000,728000
1652269343.8105,736000,736000
1652269343.8236,744000,744000
1652269343.8400,712000,712000
1652269343.8512,696000,696000
1652269343.8577,720000,720000
1652269343.8727,752000,752000
1652269343.8851,728000,728000
1652269343.9330,672000,672000
1652269343.9498,672000,672000
1652269343.9609,688000,688000
1652269343.9728,696000,696000
1652269343.9847,648000,648000
1652269343.9973,680000,680000
1652269344.0139,648000,648000
1652269344.0249,656000,656000
1652269344.0386,648000,648000
1652269344.0522,688000,688000
1652269344.0666,656000,656000
1652269344.0808,656000,656000
1652269344.0942,656000,656000
1652269344.1093,632000,632000
1652269344.1149,656000,656000
1652269344.1259,648000,648000
1652269344.1396,648000,648000
1652269344.1533,720000,720000
1652269344.1655,720000,720000
1652269344.1800,720000,720000
1652269344.1939,728000,728000
1652269344.2075,744000,744000
1652269344.2215,736000,736000
1652269344.2369,728000,728000
1652269344.2489,728000,728000
1652269344.2631,720000,720000
1652269344.2770,728000,728000
1652269344.2909,720000,720000
1652269344.3049,720000,720000
1652269344.3180,712000,712000
1652269344.3295,720000,720000
1652269344.3433,720000,720000
1652269344.3571,720000,720000
1652269344.3715,752000,752000
1652269344.3864,720000,720000
1652269344.3984,720000,720000
1652269344.4123,728000,728000
1652269344.4260,712000,712000
1652269344.4393,720000,720000
1652269344.4552,712000,712000
1652269344.5017,632000,632000
1652269344.5154,616000,616000
1652269344.5279,616000,616000
1652269344.5419,624000,624000
1652269344.5553,624000,624000
1652269344.5687,608000,608000
1652269344.5798,632000,632000
1652269344.5936,624000,624000
1652269344.6080,624000,624000
1652269344.6213,608000,608000
1652269344.6326,624000,624000
1652269344.6461,624000,624000
1652269344.6597,624000,624000
1652269344.6735,608000,608000
1652269344.6846,624000,624000
1652269344.6996,616000,616000
1652269344.7119,624000,624000
1652269344.7262,704000,704000
1652269344.7375,720000,720000
1652269344.7505,720000,720000
1652269344.7641,720000,720000
1652269344.7783,736000,736000
1652269344.7925,712000,712000
1652269344.7997,728000,728000
1652269344.8140,728000,728000
1652269344.8291,736000,736000
1652269344.8410,712000,712000
1652269344.8504,728000,728000
1652269344.8648,728000,728000
1652269344.8782,736000,736000
1652269344.8926,712000,712000
1652269344.9021,720000,720000
1652269344.9173,712000,712000
1652269344.9316,736000,736000
1652269344.9438,720000,720000
1652269344.9551,728000,728000
1652269344.9721,720000,720000
1652269344.9825,736000,736000
1652269344.9966,728000,728000
1652269345.0101,688000,688000
1652269345.0565,616000,616000
1652269345.0713,592000,592000
1652269345.0840,600000,600000
1652269345.0977,600000,600000
1652269345.1059,616000,616000
1652269345.1196,600000,600000
1652269345.1335,600000,600000
1652269345.1487,608000,608000
1652269345.1592,600000,600000
1652269345.1729,608000,608000
1652269345.1866,608000,608000
1652269345.2005,616000,616000
1652269345.2151,608000,608000
1652269345.2296,616000,616000
1652269345.2430,608000,608000
1652269345.2566,600000,600000
1652269345.2688,640000,640000
1652269345.2839,728000,728000
1652269345.2960,736000,736000
1652269345.3098,728000,728000
1652269345.3235,728000,728000
1652269345.3373,736000,736000
1652269345.3509,736000,736000
1652269345.3641,720000,720000
1652269345.3765,728000,728000
1652269345.3930,720000,720000
1652269345.4052,736000,736000
1652269345.4182,728000,728000
1652269345.4360,720000,720000
1652269345.4485,720000,720000
1652269345.4616,720000,720000
1652269345.4756,728000,728000
1652269345.4890,696000,696000
1652269345.4947,720000,720000
1652269345.5110,712000,712000
1652269345.5198,736000,736000
1652269345.5345,720000,720000
1652269345.5498,728000,728000
1652269345.5633,720000,720000
1652269345.5768,728000,728000
1652269345.5907,728000,728000
1652269345.6406,600000,600000
1652269345.6464,624000,624000
1652269345.6576,632000,632000
1652269345.6729,624000,624000
1652269345.6930,632000,632000
1652269345.7002,632000,632000
1652269345.7137,632000,632000
1652269345.7286,624000,624000
1652269345.7431,656000,656000
1652269345.7546,640000,640000
1652269345.7603,640000,640000
1652269345.7768,640000,640000
1652269345.7876,632000,632000
1652269345.8020,632000,632000
1652269345.8155,600000,600000
1652269345.8240,624000,624000
1652269345.8368,624000,624000
1652269345.8505,624000,624000
1652269345.8658,760000,760000
1652269345.8777,720000,720000
1652269345.8837,752000,752000
1652269345.8951,760000,760000
1652269345.9085,736000,736000
1652269345.9227,728000,728000
1652269345.9417,704000,704000
1652269345.9503,704000,704000
1652269345.9573,728000,728000
1652269345.9717,720000,720000
1652269345.9845,728000,728000
1652269345.9981,696000,696000
1652269346.0039,720000,720000
1652269346.0194,736000,736000
1652269346.0289,728000,728000
1652269346.0442,728000,728000
1652269346.0571,680000,680000
1652269346.0632,704000,704000
1652269346.0765,736000,736000
1652269346.0885,728000,728000
1652269346.1007,728000,728000
1652269346.1142,688000,688000
1652269346.1201,712000,712000
1652269346.1314,720000,720000
1652269346.1450,736000,736000
1652269346.1590,720000,720000
1652269346.1750,720000,720000
1652269346.2150,664000,664000
1652269346.2288,648000,648000
1652269346.2425,648000,648000
1652269346.2555,648000,648000
1652269346.2613,672000,672000
1652269346.2794,640000,640000
1652269346.2868,648000,648000
1652269346.3011,648000,648000
1652269346.3148,656000,656000
1652269346.3236,648000,648000
1652269346.3360,656000,656000
1652269346.3503,648000,648000
1652269346.3636,640000,640000
1652269346.3769,648000,648000
1652269346.3830,640000,640000
1652269346.3934,648000,648000
1652269346.4087,640000,640000
1652269346.4214,640000,640000
1652269346.4383,648000,648000
1652269346.4540,704000,704000
1652269346.4644,720000,720000
1652269346.4751,728000,728000
1652269346.4897,720000,720000
1652269346.5042,720000,720000
1652269346.5177,752000,752000
1652269346.5315,736000,736000
1652269346.5466,720000,720000
1652269346.5625,712000,712000
1652269346.5741,744000,744000
1652269346.5877,728000,728000
1652269346.6049,712000,712000
1652269346.6179,712000,712000
1652269346.6320,752000,752000
1652269346.6461,736000,736000
1652269346.6596,704000,704000
1652269346.6688,720000,720000
1652269346.6809,728000,728000
1652269346.6953,720000,720000
1652269346.7086,736000,736000
1652269346.7220,696000,696000
1652269346.7280,720000,720000
1652269346.7440,704000,704000
1652269346.7602,704000,704000
1652269346.7747,696000,696000
1652269346.7875,704000,704000
1652269346.8012,704000,704000
1652269346.8148,712000,712000
1652269346.8290,704000,704000
1652269346.8429,672000,672000
1652269346.8488,696000,696000
1652269346.8596,712000,712000
1652269346.8740,712000,712000
1652269346.8874,712000,712000
1652269346.9010,672000,672000
1652269346.9073,696000,696000
1652269346.9174,728000,728000
1652269346.9318,720000,720000
1652269346.9452,712000,712000
1652269346.9608,704000,704000
1652269346.9789,720000,720000
1652269346.9882,736000,736000
1652269347.0014,712000,712000
1652269347.0154,720000,720000
1652269347.0290,728000,728000
1652269347.0427,728000,728000
1652269347.0561,728000,728000
1652269347.0715,696000,696000
1652269347.0803,712000,712000
1652269347.0950,712000,712000
1652269347.1066,752000,752000
1652269347.1205,720000,720000
1652269347.1335,704000,704000
1652269347.1433,720000,720000
1652269347.1571,752000,752000
1652269347.1713,728000,728000
1652269347.1837,720000,720000
1652269347.1980,720000,720000
1652269347.2125,728000,728000
1652269347.2293,728000,728000
1652269347.2401,744000,744000
1652269347.2534,728000,728000
1652269347.2667,704000,704000
1652269347.2742,728000,728000
1652269347.2864,728000,728000
1652269347.3000,728000,728000
1652269347.3200,712000,712000
1652269347.3335,704000,704000
1652269347.3400,720000,720000
1652269347.3521,720000,720000
1652269347.3649,720000,720000
1652269347.3786,720000,720000
1652269347.3922,704000,704000
1652269347.3985,728000,728000
1652269347.4131,712000,712000
1652269347.4262,712000,712000
1652269347.4404,712000,712000
1652269347.4532,680000,680000
1652269347.4597,704000,704000
1652269347.4758,696000,696000
1652269347.4915,704000,704000
1652269347.5144,664000,664000
1652269347.5348,624000,624000
1652269347.5572,592000,592000
1652269347.5777,592000,592000
1652269347.5946,616000,616000
1652269347.6089,584000,584000
1652269347.6275,544000,544000
1652269347.6437,544000,544000
1652269347.6585,568000,568000
1652269347.6664,552000,552000
1652269347.6729,584000,584000
1652269347.6819,560000,560000
1652269347.6906,584000,584000
1652269347.6977,600000,600000
1652269347.7100,640000,640000
1652269347.7165,664000,664000
1652269347.7255,632000,632000
1652269347.7331,656000,656000
1652269347.7389,680000,680000
1652269347.7445,704000,704000
1652269347.7585,736000,736000
1652269347.7640,728000,728000
1652269347.7696,760000,760000
1652269347.7813,768000,768000
1652269347.7950,816000,816000
1652269347.8088,840000,840000
1652269347.8226,816000,816000
1652269347.8309,856000,856000
1652269347.8466,864000,864000
1652269347.8594,856000,856000
1652269347.8870,864000,864000
1652269347.9013,864000,864000
1652269347.9168,856000,856000
1652269347.9309,840000,840000
1652269347.9437,832000,832000
1652269347.9581,800000,800000
1652269347.9738,768000,768000
1652269347.9818,768000,768000
1652269347.9977,752000,752000
1652269348.0106,712000,712000
1652269348.0229,712000,712000
1652269348.0365,672000,672000
1652269348.0476,680000,680000
1652269348.0615,680000,680000
1652269348.0760,688000,688000
1652269348.0886,704000,704000
1652269348.1067,680000,680000
1652269348.1161,672000,672000
1652269348.1271,728000,728000
1652269348.1420,720000,720000
1652269348.1543,736000,736000
1652269348.1680,736000,736000
1652269348.1828,744000,744000
1652269348.1953,720000,720000
1652269348.2028,736000,736000
1652269348.2165,736000,736000
1652269348.2300,760000,760000
1652269348.2445,744000,744000
1652269348.2581,744000,744000
1652269348.2712,744000,744000
1652269348.2871,728000,728000
1652269348.2982,744000,744000
1652269348.3121,744000,744000
1652269348.3259,728000,728000
1652269348.3378,736000,736000
1652269348.3520,736000,736000
1652269348.3645,744000,744000
1652269348.3789,752000,752000
1652269348.3923,720000,720000
1652269348.4015,736000,736000
1652269348.4154,728000,728000
1652269348.4307,728000,728000
1652269348.4488,736000,736000
1652269348.4649,680000,680000
1652269348.4714,704000,704000
1652269348.4853,704000,704000
1652269348.4966,712000,712000
1652269348.5126,712000,712000
1652269348.5245,712000,712000
1652269348.5376,680000,680000
1652269348.5430,704000,704000
1652269348.5605,688000,688000
1652269348.5704,696000,696000
1652269348.5839,712000,712000
1652269348.5978,696000,696000
1652269348.6098,696000,696000
1652269348.6220,704000,704000
1652269348.6359,704000,704000
1652269348.6494,728000,728000
1652269348.6628,688000,688000
1652269348.6707,704000,704000
1652269348.6839,712000,712000
1652269348.6978,720000,720000
1652269348.7121,728000,728000
1652269348.7252,720000,720000
1652269348.7309,744000,744000
1652269348.7434,728000,728000
1652269348.7542,728000,728000
1652269348.7687,736000,736000
1652269348.7826,704000,704000
1652269348.7882,720000,720000
1652269348.8053,728000,728000
1652269348.8165,744000,744000
1652269348.8297,736000,736000
1652269348.8443,712000,712000
1652269348.8511,736000,736000
1652269348.8646,736000,736000
1652269348.8772,736000,736000
1652269348.8908,736000,736000
1652269348.9043,704000,704000
1652269348.9112,720000,720000
1652269348.9221,752000,752000
1652269348.9349,736000,736000
1652269348.9488,736000,736000
1652269348.9623,704000,704000
1652269348.9688,728000,728000
1652269348.9811,768000,768000
1652269349.0007,720000,720000
1652269349.0148,712000,712000
1652269349.0293,680000,680000
1652269349.0357,728000,728000
1652269349.0515,704000,704000
1652269349.0609,720000,720000
1652269349.0752,712000,712000
1652269349.0887,680000,680000
1652269349.0953,704000,704000
1652269349.1083,720000,720000
1652269349.1223,704000,704000
1652269349.1346,704000,704000
1652269349.1478,672000,672000
1652269349.1555,696000,696000
1652269349.1693,728000,728000
1652269349.1839,704000,704000
1652269349.1972,696000,696000
1652269349.2105,688000,688000
1652269349.2247,720000,720000
1652269349.2394,688000,688000
1652269349.2520,712000,712000
1652269349.2658,712000,712000
1652269349.2872,696000,696000
1652269349.2938,712000,712000
1652269349.3044,704000,704000
1652269349.3195,688000,688000
1652269349.3256,712000,712000
1652269349.3394,688000,688000
1652269349.3463,744000,744000
1652269349.3588,728000,728000
1652269349.3751,720000,720000
1652269349.3860,728000,728000
1652269349.4005,712000,712000
1652269349.4136,744000,744000
1652269349.4255,728000,728000
1652269349.4399,728000,728000
1652269349.4554,728000,728000
1652269349.4672,720000,720000
1652269349.4758,736000,736000
1652269349.4889,736000,736000
1652269350.0548,1000,1000
1652269350.0607,1000,1000
1652269350.0658,1000,1000
1652269350.0705,2080000,2080000
1652269350.0751,1912000,1912000
1652269350.0799,1944000,1944000
1652269350.0844,2032000,2032000
1652269350.0915,1928000,1928000
1652269350.0965,1944000,1944000
1652269350.1012,1864000,1864000
1652269350.1061,1888000,1888000
1652269350.1120,1872000,1872000
1652269350.1183,1856000,1856000
1652269350.1242,1848000,1848000
1652269350.1294,1760000,1760000
1652269350.1350,1784000,1784000
1652269350.1400,1776000,1776000
1652269350.1467,1760000,1760000
1652269350.1529,1776000,1776000
1652269350.1583,1720000,1720000
1652269350.1638,1736000,1736000
1652269350.1691,1736000,1736000
1652269350.1750,1752000,1752000
1652269350.1814,1736000,1736000
1652269350.1872,1672000,1672000
1652269350.1935,1672000,1672000
1652269350.1987,1688000,1688000
1652269350.2038,1696000,1696000
1652269350.2088,1712000,1712000
1652269350.2145,1672000,1672000
1652269350.2217,1664000,1664000
1652269350.2274,1664000,1664000
1652269350.2329,1672000,1672000
1652269350.2379,1688000,1688000
1652269350.2430,1664000,1664000
1652269350.2489,1664000,1664000
1652269350.2550,1672000,1672000
1652269350.2628,1656000,1656000
1652269350.2682,1656000,1656000
1652269350.2744,1616000,1616000
1652269350.2812,1608000,1608000
1652269350.2870,1616000,1616000
1652269350.2942,1608000,1608000
1652269350.2994,1616000,1616000
1652269350.3049,1600000,1600000
1652269350.3106,1600000,1600000
1652269350.3162,1608000,1608000
1652269350.3219,1616000,1616000
1652269350.3286,1600000,1600000
1652269350.3341,1592000,1592000
1652269350.3397,1600000,1600000
1652269350.3464,1592000,1592000
1652269350.3516,1584000,1584000
1652269350.3567,1568000,1568000
1652269350.3624,1560000,1560000
1652269350.3676,1576000,1576000
1652269350.3727,1576000,1576000
1652269350.3779,1584000,1584000
1652269350.3834,1552000,1552000
1652269350.3902,1544000,1544000
1652269350.3956,1568000,1568000
1652269350.4009,1568000,1568000
1652269350.4057,1576000,1576000
1652269350.4109,1552000,1552000
1652269350.4192,1552000,1552000
1652269350.4247,1560000,1560000
1652269350.4302,1552000,1552000
1652269350.4356,1560000,1560000
1652269350.4407,1560000,1560000
1652269350.4464,1560000,1560000
1652269350.4533,1592000,1592000
1652269350.4593,1592000,1592000
1652269350.4661,1536000,1536000
1652269350.4716,1536000,1536000
1652269350.4857,1512000,1512000
1652269350.4998,1464000,1464000
1652269350.5129,1424000,1424000
1652269350.5268,1376000,1376000
1652269350.5402,1360000,1360000
1652269350.5567,1320000,1320000
1652269350.5660,1280000,1280000
1652269350.5796,1248000,1248000
1652269350.5940,1176000,1176000
1652269350.6003,1152000,1152000
1652269350.6144,1104000,1104000
1652269350.6294,1080000,1080000
1652269350.6448,1000000,1000000
1652269350.6588,936000,936000
1652269350.6652,928000,928000
1652269350.6783,904000,904000
1652269350.6910,880000,880000
1652269350.7064,800000,800000
1652269350.7179,736000,736000
1652269350.7235,728000,728000
1652269350.7358,728000,728000
1652269350.7488,728000,728000
1652269350.7628,720000,720000
1652269350.7769,720000,720000
1652269350.7909,728000,728000
1652269350.8060,728000,728000
1652269350.8185,728000,728000
1652269350.8319,688000,688000
1652269350.8377,712000,712000
1652269350.8486,736000,736000
1652269350.8632,720000,720000
1652269350.8764,720000,720000
1652269350.8901,680000,680000
1652269350.8969,704000,704000
1652269350.9063,720000,720000
1652269350.9208,752000,752000
1652269350.9342,720000,720000
1652269350.9496,712000,712000
1652269350.9614,720000,720000
1652269350.9748,752000,752000
1652269350.9888,728000,728000
1652269351.0059,712000,712000
1652269351.0180,720000,720000
1652269351.0320,720000,720000
1652269351.0466,704000,704000
1652269351.0551,720000,720000
1652269351.0692,720000,720000
1652269351.0825,720000,720000
1652269351.0966,736000,736000
1652269351.1169,680000,680000
1652269351.1233,704000,704000
1652269351.1372,712000,712000
1652269351.1505,720000,720000
1652269351.1567,728000,728000
1652269351.1710,712000,712000
1652269351.1830,712000,712000
1652269351.1953,704000,704000
1652269351.2048,728000,728000
1652269351.2198,720000,720000
1652269351.2330,712000,712000
1652269351.2458,696000,696000
1652269351.2535,720000,720000
1652269351.2722,704000,704000
1652269351.2810,720000,720000
1652269351.2943,720000,720000
1652269351.3125,696000,696000
1652269351.3182,696000,696000
1652269351.3277,712000,712000
1652269351.3412,712000,712000
1652269351.3576,720000,720000
1652269351.3698,744000,744000
1652269351.3833,744000,744000
1652269351.3945,728000,728000
1652269351.4122,728000,728000
1652269351.4181,728000,728000
1652269351.4316,728000,728000
1652269351.4458,728000,728000
1652269351.4630,704000,704000
1652269351.4764,712000,712000
1652269351.4885,712000,712000
1652269351.5001,728000,728000
1652269351.5173,704000,704000
1652269351.5247,744000,744000
1652269351.5440,712000,712000
1652269351.5558,720000,720000
1652269351.5674,760000,760000
1652269351.5802,744000,744000
1652269351.5953,720000,720000
1652269351.6068,728000,728000
1652269351.6225,728000,728000
1652269351.6332,736000,736000
1652269351.6471,728000,728000
1652269351.6624,728000,728000
1652269351.6780,736000,736000
1652269351.6867,728000,728000
1652269351.7037,720000,720000
1652269351.7398,672000,672000
1652269351.7481,672000,672000
1652269351.7586,672000,672000
1652269351.7733,688000,688000
1652269351.7886,672000,672000
1652269351.8012,688000,688000
1652269351.8163,680000,680000
1652269351.8296,680000,680000
1652269351.8432,672000,672000
1652269351.8569,672000,672000
1652269351.8687,672000,672000
1652269351.8823,680000,680000
1652269351.8965,672000,672000
1652269351.9106,672000,672000
1652269351.9228,672000,672000
1652269351.9373,688000,688000
1652269351.9504,672000,672000
1652269351.9644,680000,680000
1652269351.9779,744000,744000
1652269351.9931,736000,736000
1652269352.0070,736000,736000
1652269352.0193,728000,728000
1652269352.0343,728000,728000
1652269352.0486,736000,736000
1652269352.0617,728000,728000
1652269352.0752,728000,728000
1652269352.0893,712000,712000
1652269352.0984,728000,728000
1652269352.1141,728000,728000
1652269352.1261,728000,728000
1652269352.1409,712000,712000
1652269352.1514,720000,720000
1652269352.1682,720000,720000
1652269352.1807,720000,720000
1652269352.1950,720000,720000
1652269352.2091,712000,712000
1652269352.2220,720000,720000
1652269352.2351,720000,720000
1652269352.2493,712000,712000
1652269352.2577,728000,728000
1652269352.3161,592000,592000
1652269352.3298,592000,592000
1652269352.3433,600000,600000
1652269352.3552,600000,600000
1652269352.3714,592000,592000
1652269352.3861,584000,584000
1652269352.3969,600000,600000
1652269352.4080,600000,600000
1652269352.4213,616000,616000
1652269352.4346,616000,616000
1652269352.4486,608000,608000
1652269352.4594,616000,616000
1652269352.4741,616000,616000
1652269352.4875,616000,616000
1652269352.5062,600000,600000
1652269352.5131,624000,624000
1652269352.5266,736000,736000
1652269352.5420,728000,728000
1652269352.5546,720000,720000
1652269352.5671,728000,728000
1652269352.5835,720000,720000
1652269352.5942,736000,736000
1652269352.6078,728000,728000
1652269352.6198,728000,728000
1652269352.6380,728000,728000
1652269352.6476,744000,744000
1652269352.6610,736000,736000
1652269352.6770,720000,720000
1652269352.6921,720000,720000
1652269352.7075,728000,728000
1652269352.7189,728000,728000
1652269352.7351,720000,720000
1652269352.7487,720000,720000
1652269352.7629,744000,744000
1652269352.7765,728000,728000
1652269352.7900,688000,688000
1652269352.7961,712000,712000
1652269352.8104,720000,720000
1652269352.8216,720000,720000
1652269352.8358,728000,728000
1652269352.8820,624000,624000
1652269352.8968,640000,640000
1652269352.9097,624000,624000
1652269352.9235,632000,632000
1652269352.9385,600000,600000
1652269352.9444,616000,616000
1652269352.9604,616000,616000
1652269352.9682,632000,632000
1652269352.9826,632000,632000
1652269352.9958,600000,600000
1652269353.0023,624000,624000
1652269353.0144,632000,632000
1652269353.0282,632000,632000
1652269353.0414,632000,632000
1652269353.0553,640000,640000
1652269353.0612,640000,640000
1652269353.0753,640000,640000
1652269353.0883,632000,632000
1652269353.1021,728000,728000
1652269353.1157,696000,696000
1652269353.1222,720000,720000
1652269353.1346,728000,728000
1652269353.1507,720000,720000
1652269353.1654,720000,720000
1652269353.1801,696000,696000
1652269353.1953,728000,728000
1652269353.2118,704000,704000
1652269353.2265,704000,704000
1652269353.2478,672000,672000
1652269353.2638,648000,648000
1652269353.2788,640000,640000
1652269353.2936,632000,632000
1652269353.3098,648000,648000
1652269353.3244,632000,632000
1652269353.3457,576000,576000
1652269353.3630,568000,568000
1652269353.3779,592000,592000
1652269353.3930,560000,560000
1652269353.4087,560000,560000
1652269353.4264,528000,528000
1652269353.4428,544000,544000
1652269353.4576,544000,544000
1652269353.4740,544000,544000
1652269353.4887,544000,544000
1652269353.5061,520000,520000
1652269353.5220,552000,552000
1652269353.5372,552000,552000
1652269353.5533,552000,552000
1652269353.5680,552000,552000
1652269353.5907,504000,504000
1652269353.6072,544000,544000
1652269353.6226,552000,552000
1652269353.6398,544000,544000
1652269353.6549,544000,544000
1652269353.6736,512000,512000
1652269353.6901,544000,544000
1652269353.7052,544000,544000
1652269353.7224,544000,544000
1652269353.7449,520000,520000
1652269353.7698,520000,520000
1652269353.7932,496000,496000
1652269353.8155,480000,480000
1652269353.8407,496000,496000
1652269353.8630,480000,480000
1652269353.8879,440000,440000
1652269353.9120,416000,416000
1652269353.9397,424000,424000
1652269353.9680,392000,392000
1652269353.9951,368000,368000
1652269354.0309,352000,352000
1652269354.0613,328000,328000
1652269354.0886,328000,328000
1652269354.1169,320000,320000
1652269354.1446,336000,336000
1652269354.1757,304000,304000
1652269354.1918,320000,320000
1652269354.2056,336000,336000
1652269354.2203,360000,360000
1652269354.2341,376000,376000
1652269354.2505,376000,376000
1652269354.2655,432000,432000
1652269354.2791,448000,448000
1652269354.2938,464000,464000
1652269354.3163,480000,480000
1652269354.3390,464000,464000
1652269354.3600,480000,480000
1652269354.3801,480000,480000
1652269354.3989,496000,496000
1652269354.4162,560000,560000
1652269354.4422,528000,528000
1652269354.4611,520000,520000
1652269354.4793,512000,512000
1652269354.5009,496000,496000
1652269354.5211,496000,496000
1652269354.5458,464000,464000
1652269354.5687,448000,448000
1652269354.5879,472000,472000
1652269354.6083,480000,480000
1652269354.6277,480000,480000
1652269354.6496,464000,464000
1652269354.6699,464000,464000
1652269354.6876,488000,488000
1652269354.7054,488000,488000
1652269354.7228,496000,496000
1652269354.7425,464000,464000
1652269354.7627,472000,472000
1652269354.7798,480000,480000
1652269354.7982,504000,504000
1652269354.8153,512000,512000
1652269354.8396,488000,488000
1652269354.8592,488000,488000
1652269354.8790,488000,488000
1652269354.8968,504000,504000
1652269354.9138,512000,512000
1652269354.9338,496000,496000
1652269354.9532,496000,496000
1652269354.9710,496000,496000
1652269354.9893,512000,512000
1652269355.0088,512000,512000
1652269355.0310,480000,480000
1652269355.0527,472000,472000
1652269355.0673,480000,480000
1652269355.0837,512000,512000
1652269355.0978,528000,528000
1652269355.1154,512000,512000
1652269355.1315,520000,520000
1652269355.1463,528000,528000
1652269355.1622,536000,536000
1652269355.1679,560000,560000
1652269355.1816,568000,568000
1652269355.1891,592000,592000
1652269355.1960,616000,616000
1652269355.2030,648000,648000
1652269355.2081,672000,672000
1652269355.2171,672000,672000
1652269355.2245,704000,704000
1652269355.2303,728000,728000
1652269355.2369,744000,744000
1652269355.2421,784000,784000
1652269355.2503,792000,792000
1652269355.2589,824000,824000
1652269355.2649,848000,848000
1652269355.2716,864000,864000
1652269355.2770,944000,944000
1652269355.2902,920000,920000
1652269355.2984,968000,968000
1652269355.3041,992000,992000
1652269355.3109,1008000,1008000
1652269355.3165,1024000,1024000
1652269355.3248,1032000,1032000
1652269355.3325,1040000,1040000
1652269355.3381,1088000,1088000
1652269355.3450,1096000,1096000
1652269355.3505,1128000,1128000
1652269355.3585,1120000,1120000
1652269355.3659,1184000,1184000
1652269355.3714,1200000,1200000
1652269355.3788,1208000,1208000
1652269355.3842,1256000,1256000
1652269355.3927,1232000,1232000
1652269355.4011,1272000,1272000
1652269355.4077,1272000,1272000
1652269355.4151,1320000,1320000
1652269355.4220,1328000,1328000
1652269355.4382,1288000,1288000
1652269355.4459,1296000,1296000
1652269355.4520,1304000,1304000
1652269355.4589,1304000,1304000
1652269355.4660,1296000,1296000
1652269355.4748,1264000,1264000
1652269355.4837,1272000,1272000
1652269355.4897,1288000,1288000
1652269355.4972,1280000,1280000
1652269355.5028,1280000,1280000
1652269355.5105,1264000,1264000
1652269355.5182,1272000,1272000
1652269355.5243,1280000,1280000
1652269355.5309,1272000,1272000
1652269355.5364,1280000,1280000
1652269355.5453,1288000,1288000
1652269355.5531,1288000,1288000
1652269355.5590,1304000,1304000
1652269355.5658,1296000,1296000
1652269355.5709,1312000,1312000
1652269355.5845,1256000,1256000
1652269355.5919,1264000,1264000
1652269355.5979,1272000,1272000
1652269355.6057,1248000,1248000
1652269355.6121,1248000,1248000
1652269355.6219,1232000,1232000
1652269355.6289,1232000,1232000
1652269355.6353,1232000,1232000
1652269355.6430,1232000,1232000
1652269355.6484,1232000,1232000
1652269355.6582,1216000,1216000
1652269355.6660,1216000,1216000
1652269355.6724,1216000,1216000
1652269355.6814,1216000,1216000
1652269355.6874,1208000,1208000
1652269355.6970,1240000,1240000
1652269355.7043,1248000,1248000
1652269355.7101,1256000,1256000
1652269355.7169,1248000,1248000
1652269355.7224,1256000,1256000
1652269355.7352,1224000,1224000
1652269355.7430,1232000,1232000
1652269355.7490,1248000,1248000
1652269355.7554,1240000,1240000
1652269355.7608,1248000,1248000
1652269355.7698,1232000,1232000
1652269355.7775,1224000,1224000
1652269355.7840,1232000,1232000
1652269355.7912,1216000,1216000
1652269355.7969,1232000,1232000
1652269355.8059,1216000,1216000
1652269355.8137,1216000,1216000
1652269355.8209,1216000,1216000
1652269355.8282,1216000,1216000
1652269355.8340,1208000,1208000
1652269355.8424,1248000,1248000
1652269355.8505,1256000,1256000
1652269355.8561,1256000,1256000
1652269355.8622,1256000,1256000
1652269355.8679,1272000,1272000
1652269355.8814,1240000,1240000
1652269355.8886,1240000,1240000
1652269355.8943,1256000,1256000
1652269355.9012,1248000,1248000
1652269355.9082,1256000,1256000
1652269355.9178,1256000,1256000
1652269355.9254,1256000,1256000
1652269355.9314,1264000,1264000
1652269355.9379,1272000,1272000
1652269355.9433,1280000,1280000
1652269355.9517,1280000,1280000
1652269355.9591,1280000,1280000
1652269355.9650,1288000,1288000
1652269355.9701,1304000,1304000
1652269355.9752,1304000,1304000
1652269355.9806,1312000,1312000
1652269355.9899,1320000,1320000
1652269355.9960,1328000,1328000
1652269356.0048,1328000,1328000
1652269356.0195,1280000,1280000
1652269356.0303,1272000,1272000
1652269356.0445,1224000,1224000
1652269356.0521,1208000,1208000
1652269356.0664,1192000,1192000
1652269356.0795,1160000,1160000
1652269356.0936,1128000,1128000
1652269356.1066,1072000,1072000
1652269356.1131,1080000,1080000
1652269356.1264,1032000,1032000
1652269356.1408,1032000,1032000
1652269356.1547,1008000,1008000
1652269356.1673,936000,936000
1652269356.1750,944000,944000
1652269356.1897,920000,920000
1652269356.2009,880000,880000
1652269356.2140,848000,848000
1652269356.2276,816000,816000
1652269356.2394,776000,776000
1652269356.2545,760000,760000
1652269356.2645,728000,728000
1652269356.2793,728000,728000
1652269356.2926,728000,728000
1652269356.3070,720000,720000
1652269356.3140,728000,728000
1652269356.3282,728000,728000
1652269356.3418,728000,728000
1652269356.3571,720000,720000
1652269356.3692,736000,736000
1652269356.3799,728000,728000
1652269356.3934,728000,728000
1652269356.4080,728000,728000
1652269356.4217,728000,728000
1652269356.4345,704000,704000
1652269356.4419,728000,728000
1652269356.4563,720000,720000
1652269356.4683,720000,720000
1652269356.4819,736000,736000
1652269356.4957,720000,720000
1652269356.5074,728000,728000
1652269356.5211,736000,736000
1652269356.5347,728000,728000
1652269356.5490,720000,720000
1652269356.5635,728000,728000
1652269356.5737,720000,720000
1652269356.5881,720000,720000
1652269356.5995,728000,728000
1652269356.6136,728000,728000
1652269356.6270,720000,720000
1652269356.6364,728000,728000
1652269356.7236,544000,544000
1652269356.7419,504000,504000
1652269356.7503,528000,528000
1652269356.7558,544000,544000
1652269356.7625,552000,552000
1652269356.7678,576000,576000
1652269356.7749,592000,592000
1652269356.7801,624000,624000
1652269356.7921,584000,584000
1652269356.8000,608000,608000
1652269356.8059,632000,632000
1652269356.8122,648000,648000
1652269356.8173,696000,696000
1652269356.8257,680000,680000
1652269356.8316,688000,688000
1652269356.8372,720000,720000
1652269356.8480,728000,728000
1652269356.8575,728000,728000
1652269356.8711,696000,696000
1652269356.8770,720000,720000
1652269356.8874,744000,744000
1652269356.9012,736000,736000
1652269356.9147,984000,984000
1652269356.9263,976000,976000
1652269356.9440,944000,944000
1652269356.9541,952000,952000
1652269356.9681,944000,944000
1652269356.9815,896000,896000
1652269356.9876,960000,960000
1652269356.9988,952000,952000
1652269357.0098,952000,952000
1652269357.0244,912000,912000
1652269357.0350,896000,896000
1652269357.0485,888000,888000
1652269357.0627,872000,872000
1652269357.0761,824000,824000
1652269357.0894,816000,816000
1652269357.1052,752000,752000
1652269357.1186,744000,744000
1652269357.1302,776000,776000
1652269357.1443,752000,752000
1652269357.1576,752000,752000
1652269357.1729,752000,752000
1652269357.1847,752000,752000
1652269357.1981,760000,760000
1652269357.2122,744000,744000
1652269357.2257,752000,752000
1652269357.2397,784000,784000
1652269357.2531,728000,728000
1652269357.2583,744000,744000
1652269357.2728,736000,736000
1652269357.2833,752000,752000
1652269357.3031,736000,736000
1652269357.3091,744000,744000
1652269357.3217,744000,744000
1652269357.3335,752000,752000
1652269357.3476,744000,744000
1652269357.3643,752000,752000
1652269357.3765,744000,744000
1652269357.3869,752000,752000
1652269357.4211,688000,688000
1652269357.4270,712000,712000
1652269357.4331,736000,736000
1652269357.4436,744000,744000
1652269357.4550,752000,752000
1652269357.4684,712000,712000
1652269357.4755,736000,736000
1652269357.4903,728000,728000
1652269357.4983,744000,744000
1652269357.5117,784000,784000
1652269357.5253,720000,720000
1652269357.5308,744000,744000
1652269357.5440,744000,744000
1652269357.5557,760000,760000
1652269357.5711,752000,752000
1652269357.5846,712000,712000
1652269357.5904,736000,736000
1652269357.6040,736000,736000
1652269357.6135,752000,752000
1652269357.6270,752000,752000
1652269357.6413,736000,736000
1652269357.6480,744000,744000
1652269357.6616,808000,808000
1652269357.6753,808000,808000
1652269357.6893,784000,784000
1652269357.7022,720000,720000
1652269357.7091,744000,744000
1652269357.7229,768000,768000
1652269357.7335,776000,776000
1652269357.7473,760000,760000
1652269357.7614,728000,728000
1652269357.7787,744000,744000
1652269357.7931,720000,720000
1652269357.8067,720000,720000
1652269357.8215,712000,712000
1652269357.8347,688000,688000
1652269357.8563,680000,680000
1652269357.8706,680000,680000
1652269357.8843,664000,664000
1652269357.8983,680000,680000
1652269357.9118,640000,640000
1652269357.9181,648000,648000
1652269357.9336,648000,648000
1652269357.9477,648000,648000
1652269357.9595,680000,680000
1652269357.9726,664000,664000
1652269357.9865,664000,664000
1652269358.0005,648000,648000
1652269358.0140,648000,648000
1652269358.0275,672000,672000
1652269358.0437,672000,672000
1652269358.0545,680000,680000
1652269358.0688,672000,672000
1652269358.0801,680000,680000
1652269358.0933,704000,704000
1652269358.1070,728000,728000
1652269358.1211,728000,728000
1652269358.1342,688000,688000
1652269358.1444,704000,704000
1652269358.1536,720000,720000
1652269358.1659,752000,752000
1652269358.1789,720000,720000
1652269358.1912,728000,728000
1652269358.2062,728000,728000
1652269358.2180,728000,728000
1652269358.2317,720000,720000
1652269358.2468,720000,720000
1652269358.2627,712000,712000
1652269358.2748,728000,728000
1652269358.2882,720000,720000
1652269358.3018,728000,728000
1652269358.3142,728000,728000
1652269358.3338,736000,736000
1652269358.3427,712000,712000
1652269358.3683,680000,680000
1652269358.3822,672000,672000
1652269358.3955,720000,720000
1652269358.4092,704000,704000
1652269358.4233,680000,680000
1652269358.4372,688000,688000
1652269358.4506,688000,688000
1652269358.4654,664000,664000
1652269358.4715,688000,688000
1652269358.4867,680000,680000
1652269358.4984,688000,688000
1652269358.5137,680000,680000
1652269358.5243,688000,688000
1652269358.5393,680000,680000
1652269358.5552,688000,688000
1652269358.5664,680000,680000
1652269358.5802,680000,680000
1652269358.5951,680000,680000
1652269358.6098,720000,720000
1652269358.6234,704000,704000
1652269358.6314,720000,720000
1652269358.6456,728000,728000
1652269358.6610,720000,720000
1652269358.6730,720000,720000
1652269358.6868,728000,728000
1652269358.7017,720000,720000
1652269358.7158,720000,720000
1652269358.7285,744000,744000
1652269358.7393,728000,728000
1652269358.7537,720000,720000
1652269358.7682,728000,728000
1652269358.7814,728000,728000
1652269358.8005,720000,720000
1652269358.8149,720000,720000
1652269358.8266,728000,728000
1652269358.8396,720000,720000
1652269358.8515,728000,728000
1652269358.8665,728000,728000
1652269358.8791,744000,744000
1652269358.8924,728000,728000
1652269358.9130,712000,712000
1652269358.9281,704000,704000
1652269358.9409,712000,712000
1652269358.9550,712000,712000
1652269358.9684,672000,672000
1652269358.9779,688000,688000
1652269358.9867,712000,712000
1652269358.9987,712000,712000
1652269359.0129,704000,704000
1652269359.0276,704000,704000
1652269359.0421,696000,696000
1652269359.0562,704000,704000
1652269359.0709,712000,712000
1652269359.0834,672000,672000
1652269359.0888,696000,696000
1652269359.1002,712000,712000
1652269359.1133,712000,712000
1652269359.1263,712000,712000
1652269359.1405,672000,672000
1652269359.1464,696000,696000
1652269359.1579,704000,704000
1652269359.1736,712000,712000
1652269359.1854,720000,720000
1652269359.1990,688000,688000
1652269359.2054,704000,704000
1652269359.2162,720000,720000
1652269359.2301,752000,752000
1652269359.2439,744000,744000
1652269359.2585,720000,720000
1652269359.2766,712000,712000
1652269359.2858,728000,728000
1652269359.2999,736000,736000
1652269359.3134,696000,696000
1652269359.3196,720000,720000
1652269359.3322,720000,720000
1652269359.3456,760000,760000
1652269359.3597,728000,728000
1652269359.3730,688000,688000
1652269359.3793,712000,712000
1652269359.3919,720000,720000
1652269359.4078,720000,720000
1652269359.4191,720000,720000
1652269359.4330,720000,720000
1652269359.4519,704000,704000
1652269359.4674,712000,712000
1652269359.4803,704000,704000
1652269359.4941,712000,712000
1652269359.5075,680000,680000
1652269359.5140,704000,704000
1652269359.5300,712000,712000
1652269359.5413,720000,720000
1652269359.5557,704000,704000
1652269359.5686,712000,712000
1652269359.5764,728000,728000
1652269359.5878,712000,712000
1652269359.6013,704000,704000
1652269359.6151,704000,704000
1652269359.6291,744000,744000
1652269359.6428,720000,720000
1652269359.6570,712000,712000
1652269359.6727,720000,720000
1652269359.6838,720000,720000
1652269359.6985,720000,720000
1652269359.7116,736000,736000
1652269359.7256,736000,736000
1652269359.7405,736000,736000
1652269359.7526,736000,736000
1652269359.7670,768000,768000
1652269359.7813,752000,752000
1652269359.7939,728000,728000
1652269359.8022,736000,736000
1652269359.8144,736000,736000
1652269359.8283,768000,768000
1652269359.8425,752000,752000
1652269359.8558,744000,744000
1652269359.8696,728000,728000
1652269359.8812,736000,736000
1652269359.8952,736000,736000
1652269359.9089,736000,736000
1652269359.9223,736000,736000
1652269359.9359,720000,720000
1652269359.9446,728000,728000
1652269359.9605,720000,720000
1652269359.9734,728000,728000
1652269359.9869,728000,728000
1652269360.0010,704000,704000
1652269360.0140,704000,704000
1652269360.0278,704000,704000
1652269360.0412,712000,712000
1652269360.0550,728000,728000
1652269360.0685,672000,672000
1652269360.0756,696000,696000
1652269360.0860,704000,704000
1652269360.1017,704000,704000
1652269360.1137,704000,704000
1652269360.1266,696000,696000
1652269360.1343,712000,712000
1652269360.1481,704000,704000
1652269360.1623,704000,704000
1652269360.1755,696000,696000
1652269360.1880,704000,704000
1652269360.2041,704000,704000
1652269360.2158,712000,712000
1652269360.2304,696000,696000
1652269360.2422,704000,704000
1652269360.2620,728000,728000
1652269360.2702,728000,728000
1652269360.2838,720000,720000
1652269360.2952,720000,720000
1652269360.3088,720000,720000
1652269360.3223,760000,760000
1652269360.3364,736000,736000
1652269360.3479,728000,728000
1652269360.3617,728000,728000
1652269360.3758,728000,728000
1652269360.3974,744000,744000
1652269360.4037,720000,720000
1652269360.4197,720000,720000
1652269360.4278,736000,736000
1652269360.4417,728000,728000
1652269360.4543,736000,736000
1652269360.4683,736000,736000
1652269360.4820,728000,728000
1652269360.4963,728000,728000
1652269360.5071,728000,728000
1652269360.5293,712000,712000
1652269360.5353,728000,728000
1652269360.5471,736000,736000
1652269360.5607,736000,736000
1652269360.5775,728000,728000
1652269360.5912,728000,728000
1652269360.6069,704000,704000
1652269360.6154,720000,720000
1652269360.6316,712000,712000
1652269360.6432,736000,736000
1652269360.6574,728000,728000
1652269360.6709,728000,728000
1652269360.6839,736000,736000
1652269360.6981,728000,728000
1652269360.7116,712000,712000
1652269360.7233,720000,720000
1652269360.7397,712000,712000
1652269360.7516,728000,728000
1652269360.7654,712000,712000
1652269360.7776,736000,736000
1652269360.7922,736000,736000
1652269360.8069,712000,712000
1652269360.8199,704000,704000
1652269360.8336,712000,712000
1652269360.8496,704000,704000
1652269360.8615,728000,728000
1652269360.8753,712000,712000
1652269360.8911,712000,712000
1652269360.9056,704000,704000
1652269360.9200,720000,720000
1652269360.9339,704000,704000
1652269360.9456,712000,712000
1652269360.9589,712000,712000
1652269360.9777,704000,704000
1652269360.9860,704000,704000
1652269360.9978,720000,720000
1652269361.0121,712000,712000
1652269361.0256,720000,720000
1652269361.0410,696000,696000
1652269361.0497,712000,712000
1652269361.0646,712000,712000
1652269361.0776,720000,720000
1652269361.0888,712000,712000
1652269361.0987,720000,720000
1652269361.1139,728000,728000
1652269361.1273,720000,720000
1652269361.1406,712000,712000
1652269361.1510,728000,728000
1652269361.1652,728000,728000
1652269361.1786,728000,728000
1652269361.1925,728000,728000
1652269361.2040,728000,728000
1652269361.2171,728000,728000
1652269361.2308,744000,744000
1652269361.2440,728000,728000
1652269361.2547,728000,728000
1652269361.2692,728000,728000
1652269361.2833,728000,728000
1652269361.2963,736000,736000
1652269361.3071,728000,728000
1652269361.3210,736000,736000
1652269361.3351,736000,736000
1652269361.3489,736000,736000
1652269361.3615,728000,728000
1652269361.3756,736000,736000
1652269361.3893,728000,728000
1652269361.4026,744000,744000
1652269361.4181,728000,728000
1652269361.4338,728000,728000
1652269361.4464,744000,744000
1652269361.4604,728000,728000
1652269361.4743,720000,720000
1652269361.4867,728000,728000
1652269361.5000,736000,736000
1652269361.5138,712000,712000
1652269361.5243,728000,728000
1652269361.5389,720000,720000
1652269361.5523,736000,736000
1652269361.5659,712000,712000
1652269361.5753,720000,720000
1652269361.5900,720000,720000
1652269361.6037,728000,728000
1652269361.6163,704000,704000
1652269361.6261,720000,720000
1652269361.6421,704000,704000
1652269361.6547,712000,712000
1652269361.6683,696000,696000
1652269361.6776,712000,712000
1652269361.6915,712000,712000
1652269361.7057,712000,712000
1652269361.7193,696000,696000
1652269361.7264,712000,712000
1652269361.7416,704000,704000
1652269361.7551,704000,704000
1652269361.7686,696000,696000
1652269361.7759,712000,712000
1652269361.7896,704000,704000
1652269361.8032,712000,712000
1652269361.8166,688000,688000
1652269361.8277,712000,712000
1652269361.8420,704000,704000
1652269361.8545,704000,704000
1652269361.8688,680000,680000
1652269361.8767,720000,720000
1652269361.8893,704000,704000
1652269361.9030,720000,720000
1652269361.9170,688000,688000
1652269361.9250,720000,720000
1652269361.9403,704000,704000
1652269361.9517,712000,712000
1652269361.9650,680000,680000
1652269361.9706,704000,704000
1652269361.9858,712000,712000
1652269361.9981,720000,720000
1652269362.0111,688000,688000
1652269362.0166,712000,712000
1652269362.0302,736000,736000
1652269362.0447,720000,720000
1652269362.0568,688000,688000
1652269362.0645,704000,704000
1652269362.0795,720000,720000
1652269362.0906,720000,720000
1652269362.1049,688000,688000
1652269362.1105,712000,712000
1652269362.1249,736000,736000
1652269362.1379,720000,720000
1652269362.1510,688000,688000
1652269362.1691,672000,672000
1652269362.1835,680000,680000
1652269362.1974,688000,688000
1652269362.2117,648000,648000
1652269362.2182,696000,696000
1652269362.2305,704000,704000
1652269362.2445,688000,688000
1652269362.2580,656000,656000
1652269362.2665,696000,696000
1652269362.2835,664000,664000
1652269362.2920,680000,680000
1652269362.3060,656000,656000
1652269362.3121,704000,704000
1652269362.3252,688000,688000
1652269362.3392,696000,696000
1652269362.3523,656000,656000
1652269362.3589,704000,704000
1652269362.3715,688000,688000
1652269362.3845,688000,688000
1652269362.3984,656000,656000
1652269362.4062,704000,704000
1652269362.4212,712000,712000
1652269362.4343,720000,720000
1652269362.4478,688000,688000
1652269362.4542,704000,704000
1652269362.4659,744000,744000
1652269362.4796,720000,720000
1652269362.4930,696000,696000
1652269362.5024,704000,704000
1652269362.5161,736000,736000
1652269362.5308,720000,720000
1652269362.5435,704000,704000
1652269362.5524,704000,704000
1652269362.5668,728000,728000
1652269362.5787,712000,712000
1652269362.5928,688000,688000
1652269362.6015,696000,696000
1652269362.6190,696000,696000
1652269362.6295,704000,704000
1652269362.6417,688000,688000
1652269362.6495,704000,704000
1652269362.6634,736000,736000
1652269362.6766,720000,720000
1652269362.6990,672000,672000
1652269362.7130,704000,704000
1652269362.7248,688000,688000
1652269362.7382,688000,688000
1652269362.7513,688000,688000
1652269362.7604,688000,688000
1652269362.7745,688000,688000
1652269362.7876,696000,696000
1652269362.8013,712000,712000
1652269362.8153,664000,664000
1652269362.8214,680000,680000
1652269362.8362,672000,672000
1652269362.8438,696000,696000
1652269362.8570,704000,704000
1652269362.8666,704000,704000
1652269362.8806,712000,712000
1652269362.8947,704000,704000
1652269362.9085,704000,704000
1652269362.9179,696000,696000
1652269362.9314,696000,696000
1652269362.9434,744000,744000
1652269362.9574,728000,728000
1652269362.9662,736000,736000
1652269362.9801,736000,736000
1652269362.9937,728000,728000
1652269363.0081,744000,744000
1652269363.0182,736000,736000
1652269363.0334,736000,736000
1652269363.0457,736000,736000
1652269363.0596,728000,728000
1652269363.0729,768000,768000
1652269363.0860,752000,752000
1652269363.0996,752000,752000
1652269363.1130,752000,752000
1652269363.1271,704000,704000
1652269363.1331,720000,720000
1652269363.1446,728000,728000
1652269363.1558,736000,736000
1652269363.1695,752000,752000
1652269363.1831,736000,736000
1652269363.1970,728000,728000
1652269363.2111,752000,752000
1652269363.2241,736000,736000
1652269363.2396,736000,736000
1652269363.2558,728000,728000
1652269363.2687,736000,736000
1652269363.2818,720000,720000
1652269363.2943,728000,728000
1652269363.3087,720000,720000
1652269363.3232,728000,728000
1652269363.3360,720000,720000
1652269363.3468,728000,728000
1652269363.3624,720000,720000
1652269363.3765,720000,720000
1652269363.3884,752000,752000
1652269363.4004,744000,744000
1652269363.4142,720000,720000
1652269363.4280,720000,720000
1652269363.4417,720000,720000
1652269363.4557,720000,720000
1652269363.4711,712000,712000
1652269363.4835,720000,720000
1652269363.4974,720000,720000
1652269363.5109,728000,728000
1652269363.5247,728000,728000
1652269363.5408,728000,728000
1652269363.5521,728000,728000
1652269363.5661,696000,696000
1652269363.5714,720000,720000
1652269363.5826,728000,728000
1652269363.5968,736000,736000
1652269363.6103,728000,728000
1652269363.6247,696000,696000
1652269363.6306,720000,720000
1652269363.6424,728000,728000
1652269363.6537,736000,736000
1652269363.6680,736000,736000
1652269363.6812,704000,704000
1652269363.6873,720000,720000
1652269363.7020,720000,720000
1652269363.7121,728000,728000
1652269363.7263,728000,728000
1652269363.7396,728000,728000
1652269363.7514,736000,736000
1652269363.7658,736000,736000
1652269363.7811,728000,728000
1652269363.7932,704000,704000
1652269363.8774,528000,528000
1652269363.8827,560000,560000
1652269363.8874,592000,592000
1652269363.8917,600000,600000
1652269363.9020,568000,568000
1652269363.9077,592000,592000
1652269363.9127,608000,608000
1652269363.9182,632000,632000
1652269363.9232,656000,656000
1652269363.9307,648000,648000
1652269363.9673,600000,600000
1652269363.9731,608000,608000
1652269363.9790,632000,632000
1652269363.9842,664000,664000
1652269363.9911,680000,680000
1652269363.9968,704000,704000
1652269364.0093,704000,704000
1652269364.0714,824000,824000
1652269364.0772,840000,840000
1652269364.0822,872000,872000
1652269364.0875,904000,904000
1652269364.0927,928000,928000
1652269364.1018,896000,896000
1652269364.1086,912000,912000
1652269364.1144,936000,936000
1652269364.1216,952000,952000
1652269364.1725,752000,752000
1652269364.1788,720000,720000
1652269364.1839,720000,720000
1652269364.1888,720000,720000
1652269364.1951,752000,752000
1652269364.2005,848000,848000
1652269364.2092,832000,832000
1652269364.2178,840000,840000
1652269364.2251,856000,856000
1652269364.2748,640000,640000
1652269364.2807,808000,808000
1652269364.2863,800000,800000
1652269364.2915,824000,824000
1652269364.2967,848000,848000
1652269364.3020,872000,872000
1652269364.3105,888000,888000
1652269364.3203,864000,864000
1652269364.3778,624000,624000
1652269364.3836,624000,624000
1652269364.3888,752000,752000
1652269364.3942,784000,784000
1652269364.4009,776000,776000
1652269364.4067,800000,800000
1652269364.4124,824000,824000
1652269364.4254,824000,824000
1652269364.4815,624000,624000
1652269364.4868,600000,600000
1652269364.4914,728000,728000
1652269364.4959,768000,768000
1652269364.5015,792000,792000
1652269364.5059,816000,816000
1652269364.5139,816000,816000
1652269364.5209,840000,840000
1652269364.5836,608000,608000
1652269364.5893,752000,752000
1652269364.5945,784000,784000
1652269364.5992,784000,784000
1652269364.6039,816000,816000
1652269364.6091,840000,840000
1652269364.6168,856000,856000
1652269364.6245,872000,872000
1652269364.6835,584000,584000
1652269364.6891,608000,608000
1652269364.6943,760000,760000
1652269364.6995,792000,792000
1652269364.7041,816000,816000
1652269364.7156,792000,792000
1652269364.7213,816000,816000
1652269364.7260,840000,840000
1652269364.7322,864000,864000
1652269364.7867,624000,624000
1652269364.7922,760000,760000
1652269364.7969,800000,800000
1652269364.8013,824000,824000
1652269364.8059,856000,856000
1652269364.8115,880000,880000
1652269364.8248,856000,856000
1652269364.8302,880000,880000
1652269364.8892,616000,616000
1652269364.8946,808000,808000
1652269364.8987,840000,840000
1652269364.9028,824000,824000
1652269364.9068,856000,856000
1652269364.9117,888000,888000
1652269364.9192,904000,904000
1652269364.9287,912000,912000
1652269364.9913,600000,600000
1652269364.9967,600000,600000
1652269365.0009,736000,736000
1652269365.0052,776000,776000
1652269365.0118,776000,776000
1652269365.0262,776000,776000
1652269365.0416,768000,768000
1652269365.0538,776000,776000
1652269365.0732,680000,680000
1652269365.0785,680000,680000
1652269365.2506,368000,368000
1652269365.2556,400000,400000
1652269365.2598,400000,400000
1652269365.2642,400000,400000
1652269365.2681,400000,400000
1652269365.2726,424000,424000
1652269365.2774,432000,432000
1652269365.2895,432000,432000
1652269365.2948,448000,448000
1652269365.2992,480000,480000
1652269365.3037,504000,504000
1652269365.3104,512000,512000
1652269365.3165,544000,544000
1652269365.3236,568000,568000
1652269365.3282,576000,576000
1652269365.3388,576000,576000
1652269365.4564,728000,728000
1652269365.4620,760000,760000
1652269365.4670,776000,776000
1652269365.4728,808000,808000
1652269365.4787,832000,832000
1652269365.4865,848000,848000
1652269365.4920,840000,840000
1652269365.5040,848000,848000
1652269365.5100,864000,864000
1652269365.5172,880000,880000
1652269365.5222,872000,872000
1652269365.5313,800000,800000
1652269365.5365,800000,800000
1652269365.5409,824000,824000
1652269365.5459,824000,824000
1652269365.5544,840000,840000
1652269365.6592,728000,728000
1652269365.6648,760000,760000
1652269365.6698,776000,776000
1652269365.6751,808000,808000
1652269365.6802,832000,832000
1652269365.6871,856000,856000
1652269365.6922,848000,848000
1652269365.7004,856000,856000
1652269365.7060,888000,888000
1652269365.7120,904000,904000
1652269365.7180,904000,904000
1652269365.7251,904000,904000
1652269365.7303,912000,912000
1652269365.7351,912000,912000
1652269365.8663,592000,592000
1652269365.8723,624000,624000
1652269365.8779,664000,664000
1652269365.8849,688000,688000
1652269365.8894,704000,704000
1652269365.8966,728000,728000
1652269365.9025,752000,752000
1652269365.9073,776000,776000
1652269365.9126,776000,776000
1652269365.9245,784000,784000
1652269365.9296,784000,784000
1652269365.9344,792000,792000
1652269365.9396,784000,784000
1652269365.9484,752000,752000
1652269365.9538,776000,776000
1652269365.9592,784000,784000
1652269365.9639,800000,800000
1652269365.9740,768000,768000
1652269366.0853,776000,776000
1652269366.0908,800000,800000
1652269366.0955,808000,808000
1652269366.0997,832000,832000
1652269366.1044,864000,864000
1652269366.1090,888000,888000
1652269366.1139,896000,896000
1652269366.1247,904000,904000
1652269366.1305,920000,920000
1652269366.1361,920000,920000
1652269366.1404,896000,896000
1652269366.1486,896000,896000
1652269366.1539,904000,904000
1652269366.1595,904000,904000
1652269366.1643,896000,896000
1652269366.1714,896000,896000
1652269366.2905,712000,712000
1652269366.2958,744000,744000
1652269366.3006,776000,776000
1652269366.3049,768000,768000
1652269366.3097,800000,800000
1652269366.3144,824000,824000
1652269366.3203,848000,848000
1652269366.3246,864000,864000
1652269366.3333,880000,880000
1652269366.3386,904000,904000
1652269366.3434,920000,920000
1652269366.3491,920000,920000
1652269366.3582,904000,904000
1652269366.3650,896000,896000
1652269366.4956,616000,616000
1652269366.5012,632000,632000
1652269366.5066,664000,664000
1652269366.5114,696000,696000
1652269366.5183,720000,720000
1652269366.5232,720000,720000
1652269366.5346,736000,736000
1652269366.5405,752000,752000
1652269366.5471,776000,776000
1652269366.5517,792000,792000
1652269366.5605,776000,776000
1652269366.5660,776000,776000
1652269366.5710,808000,808000
1652269366.5756,784000,784000
1652269366.5845,752000,752000
1652269366.5895,760000,760000
1652269366.7019,704000,704000
1652269366.7073,712000,712000
1652269366.7139,736000,736000
1652269366.7192,768000,768000
1652269366.7238,800000,800000
1652269366.7282,800000,800000
1652269366.7418,800000,800000
1652269366.7471,824000,824000
1652269366.7528,848000,848000
1652269366.7574,856000,856000
1652269366.7653,864000,864000
1652269366.7707,864000,864000
1652269366.7754,864000,864000
1652269366.7803,864000,864000
1652269366.9100,616000,616000
1652269366.9156,648000,648000
1652269366.9201,680000,680000
1652269366.9242,680000,680000
1652269366.9313,704000,704000
1652269366.9367,736000,736000
1652269366.9413,768000,768000
1652269366.9460,776000,776000
1652269366.9601,768000,768000
1652269366.9653,792000,792000
1652269366.9697,816000,816000
1652269366.9739,792000,792000
1652269366.9846,776000,776000
1652269366.9899,776000,776000
1652269366.9951,792000,792000
1652269366.9995,808000,808000
1652269367.1172,688000,688000
1652269367.1232,712000,712000
1652269367.1283,744000,744000
1652269367.1337,752000,752000
1652269367.1427,760000,760000
1652269367.1490,784000,784000
1652269367.1559,808000,808000
1652269367.1609,824000,824000
1652269367.1739,824000,824000
1652269367.1798,824000,824000
1652269367.1869,824000,824000
1652269367.1921,792000,792000
1652269367.2013,784000,784000
1652269367.2073,776000,776000
1652269367.2143,792000,792000
1652269367.2191,816000,816000
1652269367.3251,720000,720000
1652269367.3306,744000,744000
1652269367.3353,776000,776000
1652269367.3395,776000,776000
1652269367.3492,792000,792000
1652269367.3544,816000,816000
1652269367.3588,848000,848000
1652269367.3646,864000,864000
1652269367.3769,864000,864000
1652269367.3823,880000,880000
1652269367.3879,888000,888000
1652269367.3922,864000,864000
1652269367.3997,872000,872000
1652269367.5327,576000,576000
1652269367.5381,608000,608000
1652269367.5425,632000,632000
1652269367.5471,664000,664000
1652269367.5519,696000,696000
1652269367.5584,720000,720000
1652269367.5645,720000,720000
1652269367.5720,744000,744000
1652269367.5774,768000,768000
1652269367.5836,784000,784000
1652269367.5883,808000,808000
1652269367.5996,736000,736000
1652269367.6054,752000,752000
1652269367.6107,768000,768000
1652269367.6166,768000,768000
1652269367.6212,768000,768000
1652269367.7494,648000,648000
1652269367.7577,656000,656000
1652269367.7626,688000,688000
1652269367.7676,712000,712000
1652269367.7724,720000,720000
1652269367.7798,744000,744000
1652269367.7872,760000,760000
1652269367.7919,784000,784000
1652269367.7965,808000,808000
1652269367.8030,808000,808000
1652269367.8078,816000,816000
1652269367.8131,816000,816000
1652269367.8178,800000,800000
1652269367.8320,752000,752000
1652269367.8370,784000,784000
1652269367.8414,784000,784000
1652269367.9475,752000,752000
1652269367.9533,776000,776000
1652269367.9582,816000,816000
1652269367.9641,840000,840000
1652269367.9693,832000,832000
1652269367.9764,848000,848000
1652269367.9818,872000,872000
1652269367.9869,896000,896000
1652269367.9944,912000,912000
1652269368.0018,928000,928000
1652269368.0072,944000,944000
1652269368.0143,968000,968000
1652269368.0192,960000,960000
1652269368.0321,912000,912000
1652269368.0374,936000,936000
1652269368.1545,688000,688000
1652269368.1600,712000,712000
1652269368.1648,744000,744000
1652269368.1691,776000,776000
1652269368.1733,808000,808000
1652269368.1778,816000,816000
1652269368.1862,832000,832000
1652269368.1919,856000,856000
1652269368.1978,872000,872000
1652269368.2027,896000,896000
1652269368.2104,912000,912000
1652269368.2164,912000,912000
1652269368.2253,896000,896000
1652269368.2308,904000,904000
1652269368.2434,864000,864000
1652269368.3656,704000,704000
1652269368.3707,736000,736000
1652269368.3751,752000,752000
1652269368.3798,784000,784000
1652269368.3846,816000,816000
1652269368.3908,840000,840000
1652269368.3962,840000,840000
1652269368.4037,864000,864000
1652269368.4101,880000,880000
1652269368.4174,896000,896000
1652269368.4218,904000,904000
1652269368.4297,856000,856000
1652269368.4353,848000,848000
1652269368.4420,840000,840000
1652269368.4481,840000,840000
1652269368.4524,864000,864000
1652269368.5793,704000,704000
1652269368.5954,688000,688000
1652269368.6015,712000,712000
1652269368.6066,728000,728000
1652269368.6161,744000,744000
1652269368.6211,768000,768000
1652269368.6256,800000,800000
1652269368.6301,824000,824000
1652269368.6364,784000,784000
1652269368.6422,792000,792000
1652269368.6472,760000,760000
1652269368.6531,760000,760000
1652269368.6585,760000,760000
1652269368.6658,760000,760000
1652269368.6713,760000,760000
1652269368.6767,768000,768000
1652269368.7843,712000,712000
1652269368.7909,728000,728000
1652269368.7961,752000,752000
1652269368.8015,784000,784000
1652269368.8060,784000,784000
1652269368.8165,792000,792000
1652269368.8216,824000,824000
1652269368.8268,848000,848000
1652269368.8320,864000,864000
1652269368.8386,880000,880000
1652269368.8440,936000,936000
1652269368.8499,952000,952000
1652269368.8556,960000,960000
1652269368.8643,952000,952000
1652269368.9887,648000,648000
1652269368.9944,680000,680000
1652269368.9988,712000,712000
1652269369.0029,704000,704000
1652269369.0069,736000,736000
1652269369.0121,768000,768000
1652269369.0172,792000,792000
1652269369.0238,808000,808000
1652269369.0318,824000,824000
1652269369.0370,848000,848000
1652269369.0422,872000,872000
1652269369.0472,888000,888000
1652269369.0548,872000,872000
1652269369.0610,864000,864000
1652269369.0655,872000,872000
1652269369.0700,896000,896000
1652269369.0743,912000,912000
1652269369.1950,760000,760000
1652269369.2004,784000,784000
1652269369.2052,816000,816000
1652269369.2107,848000,848000
1652269369.2240,808000,808000
1652269369.2312,824000,824000
1652269369.2358,848000,848000
1652269369.2409,872000,872000
1652269369.2460,880000,880000
1652269369.2553,872000,872000
1652269369.2607,896000,896000
1652269369.2656,896000,896000
1652269369.2707,896000,896000
1652269369.2893,776000,776000
1652269369.2951,784000,784000
1652269369.3006,784000,784000
1652269369.3071,784000,784000
1652269369.3117,784000,784000
1652269369.3194,792000,792000
1652269369.3267,792000,792000
1652269369.3321,752000,752000
1652269369.3370,760000,760000
1652269369.3413,1360000,1360000
1652269369.3539,1256000,1256000
1652269369.3605,1264000,1264000
1652269369.3653,1288000,1288000
1652269369.3701,1312000,1312000
1652269369.3796,1304000,1304000
1652269369.3907,1264000,1264000
1652269369.3999,1256000,1256000
1652269369.4139,1224000,1224000
1652269369.4278,1192000,1192000
1652269369.4419,1168000,1168000
1652269369.6062,392000,392000
1652269369.6160,392000,392000
1652269369.6209,392000,392000
1652269369.6260,424000,424000
1652269369.6308,424000,424000
1652269369.6377,392000,392000
1652269369.6444,424000,424000
1652269369.6499,448000,448000
1652269369.6566,472000,472000
1652269369.6621,480000,480000
1652269369.6746,488000,488000
1652269369.6801,480000,480000
1652269369.6856,512000,512000
1652269369.6907,536000,536000
1652269369.6971,552000,552000
1652269369.8089,712000,712000
1652269369.8146,744000,744000
1652269369.8194,744000,744000
1652269369.8243,776000,776000
1652269369.8290,800000,800000
1652269369.8344,832000,832000
1652269369.8397,856000,856000
1652269369.8475,864000,864000
1652269369.8563,880000,880000
1652269369.8624,904000,904000
1652269369.8691,920000,920000
1652269369.8748,952000,952000
1652269369.8830,936000,936000
1652269369.8901,896000,896000
1652269369.8971,896000,896000
1652269369.9020,904000,904000
1652269370.0204,712000,712000
1652269370.0259,744000,744000
1652269370.0305,768000,768000
1652269370.0353,792000,792000
1652269370.0404,824000,824000
1652269370.0467,848000,848000
1652269370.0516,872000,872000
1652269370.0601,872000,872000
1652269370.0656,896000,896000
1652269370.0705,920000,920000
1652269370.0755,920000,920000
1652269370.0806,928000,928000
1652269370.0894,920000,920000
1652269370.0951,912000,912000
1652269370.1002,912000,912000
1652269370.2254,712000,712000
1652269370.2310,736000,736000
1652269370.2357,776000,776000
1652269370.2406,800000,800000
1652269370.2459,808000,808000
1652269370.2612,800000,800000
1652269370.2667,824000,824000
1652269370.2721,848000,848000
1652269370.2774,872000,872000
1652269370.2866,848000,848000
1652269370.2949,816000,816000
1652269370.3015,816000,816000
1652269370.3067,816000,816000
1652269370.3118,816000,816000
1652269370.3202,768000,768000
1652269370.3269,760000,760000
1652269370.3323,760000,760000
1652269370.3376,760000,760000
1652269370.3427,752000,752000
1652269370.3518,752000,752000
1652269370.3576,752000,752000
1652269370.3635,752000,752000
1652269370.3688,1400000,1400000
1652269370.3819,1288000,1288000
1652269370.3877,1312000,1312000
1652269370.3935,1336000,1336000
1652269370.3999,1336000,1336000
1652269370.4049,1344000,1344000
1652269370.4158,1320000,1320000
1652269370.4278,1296000,1296000
1652269370.4402,1272000,1272000
1652269370.4533,1240000,1240000
1652269370.4670,1176000,1176000
1652269370.4732,1192000,1192000
1652269370.4853,1176000,1176000
1652269370.4988,1120000,1120000
1652269370.5122,1080000,1080000
1652269370.5258,1088000,1088000
1652269370.5421,1000000,1000000
1652269370.5530,1032000,1032000
1652269370.5671,992000,992000
1652269370.5808,936000,936000
1652269370.5868,952000,952000
1652269370.5983,920000,920000
1652269370.6119,880000,880000
1652269370.6257,816000,816000
1652269370.6383,832000,832000
1652269370.6515,808000,808000
1652269370.6653,760000,760000
1652269370.6793,728000,728000
1652269370.6908,728000,728000
1652269370.7045,720000,720000
1652269370.7186,728000,728000
1652269370.7325,728000,728000
1652269370.7389,728000,728000
1652269370.7547,712000,712000
1652269370.7656,728000,728000
1652269370.7836,712000,712000
1652269370.7951,736000,736000
1652269370.8087,736000,736000
1652269370.8285,688000,688000
1652269370.8358,728000,728000
1652269370.8436,752000,752000
1652269370.8562,728000,728000
1652269370.8687,704000,704000
1652269370.8795,720000,720000
1652269370.8912,728000,728000
1652269370.9046,728000,728000
1652269370.9183,688000,688000
1652269370.9237,712000,712000
1652269370.9399,720000,720000
1652269371.0184,544000,544000
1652269371.0241,528000,528000
1652269371.0291,560000,560000
1652269371.0343,592000,592000
1652269371.0390,616000,616000
1652269371.0441,624000,624000
1652269371.0542,624000,624000
1652269371.0600,656000,656000
1652269371.0654,672000,672000
1652269371.0700,680000,680000
1652269371.0778,728000,728000
1652269371.0899,736000,736000
1652269371.1018,736000,736000
1652269371.1145,688000,688000
1652269371.1223,728000,728000
1652269371.1363,712000,712000
1652269371.1485,712000,712000
1652269371.1619,688000,688000
1652269371.1697,704000,704000
1652269371.1825,744000,744000
1652269371.1962,720000,720000
1652269371.2102,928000,928000
1652269371.2163,952000,952000
1652269371.2309,936000,936000
1652269371.2455,920000,920000
1652269371.2584,896000,896000
1652269371.2671,896000,896000
1652269371.2809,896000,896000
1652269371.2957,864000,864000
1652269371.3080,792000,792000
1652269371.3177,792000,792000
1652269371.3334,736000,736000
1652269371.3440,712000,712000
1652269371.3577,688000,688000
1652269371.3636,712000,712000
1652269371.3780,744000,744000
1652269371.3916,720000,720000
1652269371.4070,696000,696000
1652269371.4150,736000,736000
1652269371.4295,720000,720000
1652269371.4444,712000,712000
1652269371.4570,688000,688000
1652269371.4630,736000,736000
1652269371.4758,744000,744000
1652269371.4898,720000,720000
1652269371.5041,720000,720000
1652269371.5182,744000,744000
1652269371.5312,704000,704000
1652269371.5401,712000,712000
1652269371.5556,712000,712000
1652269371.5654,744000,744000
1652269371.5803,720000,720000
1652269371.5895,736000,736000
1652269371.6063,720000,720000
1652269371.6186,744000,744000
1652269371.6323,712000,712000
1652269371.6427,720000,720000
1652269371.6576,720000,720000
1652269371.6725,728000,728000
1652269371.6841,712000,712000
1652269371.6974,712000,712000
1652269371.7102,712000,712000
1652269371.7227,744000,744000
1652269371.7367,704000,704000
1652269371.7479,712000,712000
1652269371.7643,712000,712000
1652269371.7755,712000,712000
1652269371.7895,728000,728000
1652269371.8048,712000,712000
1652269371.8164,720000,720000
1652269371.8306,712000,712000
1652269371.8440,712000,712000
1652269371.8525,712000,712000
1652269371.8652,728000,728000
1652269371.8786,720000,720000
1652269371.8922,728000,728000
1652269371.9047,720000,720000
1652269371.9187,728000,728000
1652269371.9321,728000,728000
1652269371.9456,728000,728000
1652269371.9580,736000,736000
1652269371.9753,720000,720000
1652269371.9859,728000,728000
1652269371.9995,736000,736000
1652269372.0132,736000,736000
1652269372.0278,736000,736000
1652269372.0421,728000,728000
1652269372.0548,728000,728000
1652269372.0652,744000,744000
1652269372.0793,736000,736000
1652269372.0932,736000,736000
1652269372.1068,752000,752000
1652269372.1218,728000,728000
1652269372.1359,728000,728000
1652269372.1494,744000,744000
1652269372.1638,736000,736000
1652269372.1771,696000,696000
1652269372.1829,720000,720000
1652269372.1990,720000,720000
1652269372.2081,736000,736000
1652269372.2226,712000,712000
1652269372.2323,736000,736000
1652269372.2460,728000,728000
1652269372.2604,728000,728000
1652269372.2740,720000,720000
1652269372.2852,728000,728000
1652269372.3011,720000,720000
1652269372.3132,736000,736000
1652269372.3264,720000,720000
1652269372.3411,720000,720000
1652269372.3547,720000,720000
1652269372.3683,720000,720000
1652269372.3823,712000,712000
1652269372.3958,720000,720000
1652269372.4141,696000,696000
1652269372.4222,720000,720000
1652269372.4362,720000,720000
1652269372.4449,720000,720000
1652269372.4579,736000,736000
1652269372.4714,720000,720000
1652269372.4853,704000,704000
1652269372.4913,712000,712000
1652269372.5035,712000,712000
1652269372.5169,720000,720000
1652269372.5320,696000,696000
1652269372.5377,720000,720000
1652269372.5501,720000,720000
1652269372.5647,720000,720000
1652269372.5778,688000,688000
1652269372.5883,704000,704000
1652269372.6039,704000,704000
1652269372.6128,720000,720000
1652269372.6265,696000,696000
1652269372.6338,720000,720000
1652269372.6476,728000,728000
1652269372.6614,736000,736000
1652269372.6754,704000,704000
1652269372.6813,704000,704000
1652269372.6929,744000,744000
1652269372.7065,728000,728000
1652269372.7213,720000,720000
1652269372.7376,744000,744000
1652269372.7500,752000,752000
1652269372.7630,696000,696000
1652269372.7702,720000,720000
1652269372.7853,744000,744000
1652269372.7978,752000,752000
1652269372.8147,712000,712000
1652269372.8251,696000,696000
1652269372.8335,736000,736000
1652269372.8458,736000,736000
1652269372.8615,736000,736000
1652269372.8731,728000,728000
1652269372.8870,704000,704000
1652269372.8928,712000,712000
1652269372.9049,720000,720000
1652269372.9175,720000,720000
1652269372.9311,736000,736000
1652269372.9406,744000,744000
1652269372.9545,720000,720000
1652269372.9673,720000,720000
1652269372.9812,712000,712000
1652269372.9921,720000,720000
1652269373.0068,712000,712000
1652269373.0198,744000,744000
1652269373.0335,696000,696000
1652269373.0430,712000,712000
1652269373.0549,712000,712000
1652269373.0693,720000,720000
1652269373.0843,704000,704000
1652269373.0904,728000,728000
1652269373.1003,712000,712000
1652269373.1136,720000,720000
1652269373.1276,680000,680000
1652269373.1343,704000,704000
1652269373.1473,744000,744000
1652269373.1606,720000,720000
1652269373.1750,696000,696000
1652269373.1855,728000,728000
1652269373.2010,712000,712000
1652269373.2132,720000,720000
1652269373.2275,696000,696000
1652269373.2376,720000,720000
1652269373.2506,720000,720000
1652269373.2642,720000,720000
1652269373.2778,688000,688000
1652269373.2837,712000,712000
1652269373.2966,736000,736000
1652269373.3102,720000,720000
1652269373.3242,696000,696000
1652269373.3315,712000,712000
1652269373.3446,752000,752000
1652269373.3583,728000,728000
1652269373.3734,696000,696000
1652269373.3815,752000,752000
1652269373.3966,720000,720000
1652269373.4087,728000,728000
1652269373.4227,712000,712000
1652269373.4333,736000,736000
1652269373.4470,728000,728000
1652269373.4608,736000,736000
1652269373.4744,696000,696000
1652269373.4802,728000,728000
1652269373.4929,736000,736000
1652269373.5092,720000,720000
1652269373.5206,696000,696000
1652269373.5261,720000,720000
1652269373.5409,744000,744000
1652269373.5538,720000,720000
1652269373.5660,704000,704000
1652269373.5751,720000,720000
1652269373.5908,712000,712000
1652269373.6016,720000,720000
1652269373.6169,712000,712000
1652269373.6286,744000,744000
1652269373.6431,728000,728000
1652269373.6567,728000,728000
1652269373.6721,720000,720000
1652269373.6846,736000,736000
1652269373.6979,720000,720000
1652269373.7104,720000,720000
1652269373.7234,720000,720000
1652269373.7380,752000,752000
1652269373.7516,712000,712000
1652269373.7639,720000,720000
1652269373.7776,752000,752000
1652269373.7916,728000,728000
1652269373.8055,728000,728000
1652269373.8210,688000,688000
1652269373.8265,728000,728000
1652269373.8428,712000,712000
1652269373.8498,736000,736000
1652269373.8632,720000,720000
1652269373.8758,728000,728000
1652269373.8899,720000,720000
1652269373.9053,728000,728000
1652269373.9173,704000,704000
1652269373.9238,728000,728000
1652269373.9381,728000,728000
1652269373.9517,736000,736000
1652269373.9661,704000,704000
1652269373.9766,712000,712000
1652269373.9870,720000,720000
1652269374.0006,720000,720000
1652269374.0158,720000,720000
1652269374.0259,728000,728000
1652269374.0429,720000,720000
1652269374.0531,728000,728000
1652269374.0708,696000,696000
1652269374.0859,728000,728000
1652269374.0934,728000,728000
1652269374.1024,744000,744000
1652269374.1146,704000,704000
1652269374.1229,720000,720000
1652269374.1384,712000,712000
1652269374.1514,712000,712000
1652269374.1650,696000,696000
1652269374.1742,728000,728000
1652269374.1869,712000,712000
1652269374.2006,712000,712000
1652269374.2141,696000,696000
1652269374.2253,728000,728000
1652269374.2443,696000,696000
1652269374.2529,712000,712000
1652269374.2674,704000,704000
1652269374.2790,720000,720000
1652269374.2909,712000,712000
1652269374.3051,720000,720000
1652269374.3195,704000,704000
1652269374.3314,728000,728000
1652269374.3430,752000,752000
1652269374.3569,728000,728000
1652269374.3713,720000,720000
1652269374.3799,736000,736000
1652269374.3934,728000,728000
1652269374.4073,728000,728000
1652269374.4208,720000,720000
1652269374.4270,744000,744000
1652269374.4434,712000,712000
1652269374.4529,728000,728000
1652269374.4672,712000,712000
1652269374.4787,736000,736000
1652269374.4915,728000,728000
1652269374.5068,744000,744000
1652269374.5192,720000,720000
1652269374.5280,744000,744000
1652269374.5422,736000,736000
1652269374.5560,736000,736000
1652269374.5712,720000,720000
1652269374.5787,736000,736000
1652269374.5929,736000,736000
1652269374.6078,728000,728000
1652269374.6199,704000,704000
1652269374.6360,720000,720000
1652269374.6441,728000,728000
1652269374.6583,720000,720000
1652269374.6705,704000,704000
1652269374.6801,744000,744000
1652269374.6944,728000,728000
1652269374.7086,728000,728000
1652269374.7236,712000,712000
1652269374.7353,712000,712000
1652269374.7491,712000,712000
