1652270467.0856,1000,1000
1652270467.0904,1000,1000
1652270467.0946,1000,1000
1652270467.0980,2400000,2400000
1652270467.1014,2600000,2600000
1652270467.1053,2600000,2600000
1652270467.1089,2600000,2600000
1652270467.1126,2696000,2696000
1652270467.1168,2600000,2600000
1652270467.1210,2600000,2600000
1652270467.1253,2600000,2600000
1652270467.1288,2600000,2600000
1652270467.1324,2648000,2648000
1652270467.1361,2648000,2648000
1652270467.1397,2640000,2640000
1652270467.1437,2536000,2536000
1652270467.1479,2504000,2504000
1652270467.1526,2504000,2504000
1652270467.1598,2440000,2440000
1652270467.1649,2360000,2360000
1652270467.1693,2344000,2344000
1652270467.1801,2184000,2184000
1652270467.2360,1448000,1448000
1652270467.2906,1112000,1112000
1652270467.3477,912000,912000
1652270467.4005,424000,424000
1652270467.4579,184000,184000
1652270467.5122,184000,184000
1652270467.5645,184000,184000
1652270467.6191,184000,184000
1652270467.6743,144000,144000
1652270467.6868,184000,184000
1652270467.7417,184000,184000
1652270467.7970,176000,176000
1652270467.8520,176000,176000
1652270467.9107,216000,216000
1652270467.9642,176000,176000
1652270468.0192,176000,176000
1652270468.0745,184000,184000
1652270468.1288,144000,144000
1652270468.1377,184000,184000
1652270468.1935,184000,184000
1652270468.2486,184000,184000
1652270468.3035,184000,184000
1652270468.3583,192000,192000
1652270468.3842,208000,208000
1652270468.4378,176000,176000
1652270468.4925,176000,176000
1652270468.5474,176000,176000
1652270468.6065,192000,192000
1652270468.6357,184000,184000
1652270468.6913,184000,184000
1652270468.7463,184000,184000
1652270468.8023,184000,184000
1652270468.8564,160000,160000
1652270468.8693,192000,192000
1652270468.9251,176000,176000
1652270468.9803,176000,176000
1652270469.0357,176000,176000
1652270469.0854,216000,216000
1652270469.1396,184000,184000
1652270469.1941,184000,184000
1652270469.2491,192000,192000
1652270469.3059,152000,152000
1652270469.3299,176000,176000
1652270469.3851,176000,176000
1652270469.4418,176000,176000
1652270469.4952,176000,176000
1652270469.5496,184000,184000
1652270469.5720,184000,184000
1652270469.6281,184000,184000
1652270469.6823,184000,184000
1652270469.7408,184000,184000
1652270469.7920,176000,176000
1652270469.8075,200000,200000
1652270469.8611,184000,184000
1652270469.9160,184000,184000
1652270469.9709,152000,152000
1652270469.9932,176000,176000
1652270470.0483,208000,208000
1652270470.1034,184000,184000
1652270470.1590,144000,144000
1652270470.1744,176000,176000
1652270470.2290,208000,208000
1652270470.2845,184000,184000
1652270470.3447,176000,176000
1652270470.3997,208000,208000
1652270470.4549,176000,176000
1652270470.5121,176000,176000
1652270470.5644,168000,168000
1652270470.6101,184000,184000
1652270470.6665,184000,184000
1652270470.7218,184000,184000
1652270470.7784,168000,168000
1652270470.9005,112000,112000
1652270470.9568,112000,112000
1652270471.0106,128000,128000
1652270471.0677,168000,168000
1652270471.1082,184000,184000
1652270471.1632,184000,184000
1652270471.2179,184000,184000
1652270471.2730,184000,184000
1652270471.3279,168000,168000
1652270471.3498,176000,176000
1652270471.4052,176000,176000
1652270471.4606,176000,176000
1652270471.5159,160000,160000
1652270471.5654,200000,200000
1652270471.6208,176000,176000
1652270471.6772,176000,176000
1652270471.7307,176000,176000
1652270471.7844,176000,176000
1652270471.8391,176000,176000
1652270471.8942,176000,176000
1652270471.9494,176000,176000
1652270472.0077,176000,176000
1652270472.0627,176000,176000
1652270472.1177,176000,176000
1652270472.1738,168000,168000
1652270472.2603,152000,152000
1652270472.2719,184000,184000
1652270472.3268,184000,184000
1652270472.3832,176000,176000
1652270472.5044,160000,160000
1652270472.5597,120000,120000
1652270472.6140,128000,128000
1652270472.6700,176000,176000
1652270472.7184,184000,184000
1652270472.7736,184000,184000
1652270472.8287,184000,184000
1652270472.8849,192000,192000
1652270472.9428,176000,176000
1652270472.9984,176000,176000
1652270473.0531,176000,176000
1652270473.1082,176000,176000
1652270473.1582,184000,184000
1652270473.2135,184000,184000
1652270473.2683,184000,184000
1652270473.3230,192000,192000
1652270473.3786,144000,144000
1652270473.3949,176000,176000
1652270473.4494,176000,176000
1652270473.5046,176000,176000
1652270473.5601,168000,168000
1652270473.6132,208000,208000
1652270473.6691,176000,176000
1652270473.7308,168000,168000
1652270473.7850,176000,176000
1652270473.8276,184000,184000
1652270473.8825,184000,184000
1652270473.9373,192000,192000
1652270473.9925,192000,192000
1652270474.0474,152000,152000
1652270474.0692,176000,176000
1652270474.1243,176000,176000
1652270474.1794,176000,176000
1652270474.2354,176000,176000
1652270474.2893,184000,184000
1652270474.3206,176000,176000
1652270474.3771,176000,176000
1652270474.4337,176000,176000
1652270474.4866,176000,176000
1652270474.5411,160000,160000
1652270474.5479,200000,200000
1652270474.6032,176000,176000
1652270474.6585,184000,184000
1652270474.7644,184000,184000
1652270474.8188,96000,96000
1652270474.8304,136000,136000
1652270474.8859,136000,136000
1652270474.9408,176000,176000
1652270474.9959,176000,176000
1652270475.0510,176000,176000
1652270475.0580,216000,216000
1652270475.1133,184000,184000
1652270475.1684,184000,184000
1652270475.2236,184000,184000
1652270475.2791,184000,184000
1652270475.2912,216000,216000
1652270475.3467,184000,184000
1652270475.4017,184000,184000
1652270475.4569,176000,176000
1652270475.5125,216000,216000
1652270475.5689,184000,184000
1652270475.6240,184000,184000
1652270475.6791,184000,184000
1652270475.7339,144000,144000
1652270475.7470,184000,184000
1652270475.8000,184000,184000
1652270475.8550,184000,184000
1652270475.9107,184000,184000
1652270475.9718,192000,192000
1652270475.9881,216000,216000
1652270476.0459,176000,176000
1652270476.0983,184000,184000
1652270476.1536,184000,184000
1652270476.2085,176000,176000
1652270476.2216,208000,208000
1652270476.2778,184000,184000
1652270476.3317,184000,184000
1652270476.3864,184000,184000
1652270476.4418,192000,192000
1652270476.4676,208000,208000
1652270476.5224,184000,184000
1652270476.5790,176000,176000
1652270476.6326,184000,184000
1652270476.6888,168000,168000
1652270476.7010,200000,200000
1652270476.7562,176000,176000
1652270476.8113,184000,184000
1652270476.8658,184000,184000
1652270476.9211,184000,184000
1652270476.9357,216000,216000
1652270476.9911,184000,184000
1652270477.1349,144000,144000
1652270477.1899,120000,120000
1652270477.2448,96000,96000
1652270477.2802,168000,168000
1652270477.3343,176000,176000
1652270477.3910,176000,176000
1652270477.4448,176000,176000
1652270477.4977,200000,200000
1652270477.5532,184000,184000
1652270477.6076,184000,184000
1652270477.6627,184000,184000
1652270477.7195,176000,176000
1652270477.7746,184000,184000
1652270477.8298,176000,176000
1652270477.8848,176000,176000
1652270477.9330,184000,184000
1652270477.9893,184000,184000
1652270478.0432,184000,184000
1652270478.0980,192000,192000
1652270478.1523,144000,144000
1652270478.1654,176000,176000
1652270478.2208,184000,184000
1652270478.2766,176000,176000
1652270478.3309,168000,168000
1652270478.3764,216000,216000
1652270478.4310,184000,184000
1652270478.4864,184000,184000
1652270478.5409,176000,176000
1652270478.5908,192000,192000
1652270478.6460,184000,184000
1652270478.7013,184000,184000
1652270478.7564,184000,184000
1652270478.8125,176000,176000
1652270478.8652,184000,184000
1652270478.9221,176000,176000
1652270478.9804,168000,168000
1652270479.0177,184000,184000
1652270479.0726,184000,184000
1652270479.1279,184000,184000
1652270479.1827,176000,176000
1652270479.2357,192000,192000
1652270479.2908,184000,184000
1652270479.3920,152000,152000
1652270479.4018,168000,168000
1652270479.5928,1000,1000
1652270479.6479,104000,104000
1652270479.7028,1000,1000
1652270479.7577,160000,160000
1652270479.7973,184000,184000
1652270479.8525,184000,184000
1652270479.9080,184000,184000
1652270479.9671,168000,168000
1652270479.9996,200000,200000
1652270480.0550,184000,184000
1652270480.1148,184000,184000
1652270480.1655,176000,176000
1652270480.2128,200000,200000
1652270480.2688,184000,184000
1652270480.3235,184000,184000
1652270480.3787,168000,168000
1652270480.4123,184000,184000
1652270480.4654,184000,184000
1652270480.5225,176000,176000
1652270480.5763,168000,168000
1652270480.6177,200000,200000
1652270480.6728,184000,184000
1652270480.7278,184000,184000
1652270480.7848,184000,184000
1652270480.8380,176000,176000
1652270480.8646,184000,184000
1652270480.9202,184000,184000
1652270480.9782,184000,184000
1652270481.0298,168000,168000
1652270481.0644,208000,208000
1652270481.1201,184000,184000
1652270481.1748,184000,184000
1652270481.2292,168000,168000
1652270481.2729,192000,192000
1652270481.3281,176000,176000
1652270481.3830,176000,176000
1652270481.4419,160000,160000
1652270481.4789,192000,192000
1652270481.5373,176000,176000
1652270481.5894,184000,184000
1652270481.6467,184000,184000
1652270481.6992,152000,152000
1652270481.7061,176000,176000
1652270481.7620,184000,184000
1652270481.9649,112000,112000
1652270482.0214,1000,1000
1652270482.0542,1000,1000
1652270482.1070,184000,184000
1652270482.1619,184000,184000
1652270482.2171,176000,176000
1652270482.2579,208000,208000
1652270482.3134,184000,184000
1652270482.3680,184000,184000
1652270482.4231,184000,184000
1652270482.4794,192000,192000
1652270482.5353,184000,184000
1652270482.5939,184000,184000
1652270482.6452,168000,168000
1652270482.6868,184000,184000
1652270482.7410,184000,184000
1652270482.7965,184000,184000
1652270482.8513,176000,176000
1652270482.9005,192000,192000
1652270482.9553,184000,184000
1652270483.0126,184000,184000
1652270483.0662,176000,176000
1652270483.1122,184000,184000
1652270483.1670,184000,184000
1652270483.2225,184000,184000
1652270483.2782,176000,176000
1652270483.3313,192000,192000
1652270483.3866,184000,184000
1652270483.4420,184000,184000
1652270483.4962,184000,184000
1652270483.5514,144000,144000
1652270483.5598,184000,184000
1652270483.6152,184000,184000
1652270483.6705,184000,184000
1652270483.7250,184000,184000
1652270483.7796,224000,224000
1652270483.8333,184000,184000
1652270483.8882,184000,184000
1652270483.9439,184000,184000
1652270483.9984,152000,152000
1652270484.0241,176000,176000
1652270484.0789,176000,176000
1652270484.1358,176000,176000
1652270484.1889,176000,176000
1652270484.2438,208000,208000
1652270484.2976,184000,184000
1652270484.7129,1000,1000
1652270484.7659,1000,1000
1652270484.8207,1000,1000
1652270484.8396,184000,184000
1652270484.8944,184000,184000
1652270484.9495,184000,184000
1652270485.0048,184000,184000
1652270485.0595,184000,184000
1652270485.0879,208000,208000
1652270485.1366,184000,184000
1652270485.1915,184000,184000
1652270485.2466,184000,184000
1652270485.3014,168000,168000
1652270485.3112,208000,208000
1652270485.3640,184000,184000
1652270485.4196,184000,184000
1652270485.4745,184000,184000
1652270485.5295,192000,192000
1652270485.5537,216000,216000
1652270485.6097,184000,184000
1652270485.6646,184000,184000
1652270485.7182,184000,184000
1652270485.7734,168000,168000
1652270485.7873,200000,200000
1652270485.8435,176000,176000
1652270485.8990,176000,176000
1652270485.9539,176000,176000
1652270486.0086,176000,176000
1652270486.0164,208000,208000
1652270486.0720,176000,176000
1652270486.1265,184000,184000
1652270486.1817,184000,184000
1652270486.2364,184000,184000
1652270486.2446,216000,216000
1652270486.3005,184000,184000
1652270486.3555,184000,184000
1652270486.4108,176000,176000
1652270486.4644,216000,216000
1652270486.5397,168000,168000
1652270486.5739,184000,184000
1652270486.6289,184000,184000
1652270486.6829,144000,144000
1652270486.6944,184000,184000
1652270486.7497,200000,200000
1652270486.8052,192000,192000
1652270486.8606,176000,176000
1652270486.9142,192000,192000
1652270486.9374,216000,216000
1652270487.1800,1000,1000
1652270487.2355,1000,1000
1652270487.2906,1000,1000
1652270487.3455,120000,120000
1652270487.3506,184000,184000
1652270487.4050,184000,184000
1652270487.4602,184000,184000
1652270487.5199,176000,176000
1652270487.5655,224000,224000
1652270487.6201,184000,184000
1652270487.6758,184000,184000
1652270487.7303,184000,184000
1652270487.7856,184000,184000
1652270487.8415,184000,184000
1652270487.8962,184000,184000
1652270487.9517,176000,176000
1652270488.0026,184000,184000
1652270488.0582,184000,184000
1652270488.1125,184000,184000
1652270488.1709,184000,184000
1652270488.2234,184000,184000
1652270488.2785,184000,184000
1652270488.3372,184000,184000
1652270488.3885,184000,184000
1652270488.4455,160000,160000
1652270488.4688,184000,184000
1652270488.5235,184000,184000
1652270488.5833,184000,184000
1652270488.6341,184000,184000
1652270488.6936,176000,176000
1652270488.7051,208000,208000
1652270488.7600,176000,176000
1652270488.8153,184000,184000
1652270488.8700,168000,168000
1652270488.9163,216000,216000
1652270488.9739,184000,184000
1652270489.0264,184000,184000
1652270489.0821,192000,192000
1652270489.1363,160000,160000
1652270489.1478,184000,184000
1652270489.2035,184000,184000
1652270489.2584,184000,184000
1652270489.3134,184000,184000
1652270489.3685,184000,184000
1652270489.3808,216000,216000
1652270489.4367,184000,184000
1652270489.4916,184000,184000
1652270489.7097,1000,1000
1652270489.7526,1000,1000
1652270489.8074,1000,1000
1652270489.8626,192000,192000
1652270489.9175,184000,184000
1652270489.9701,184000,184000
1652270490.0234,184000,184000
1652270490.0793,184000,184000
1652270490.1340,184000,184000
1652270490.1888,152000,152000
1652270490.2104,184000,184000
1652270490.2659,184000,184000
1652270490.3208,184000,184000
1652270490.3770,184000,184000
1652270490.4307,192000,192000
1652270490.4644,184000,184000
1652270490.5201,184000,184000
1652270490.5742,184000,184000
1652270490.6332,184000,184000
1652270490.6870,200000,200000
1652270490.7428,176000,176000
1652270490.7981,176000,176000
1652270490.8527,184000,184000
1652270490.9084,184000,184000
1652270490.9661,152000,152000
1652270490.9773,184000,184000
1652270491.0328,184000,184000
1652270491.0871,184000,184000
1652270491.1436,184000,184000
1652270491.1970,184000,184000
1652270491.2117,216000,216000
1652270491.2673,184000,184000
1652270491.3218,184000,184000
1652270491.3771,184000,184000
1652270491.4315,184000,184000
1652270491.4524,208000,208000
1652270491.5076,176000,176000
1652270491.5625,176000,176000
1652270491.6192,176000,176000
1652270491.6771,168000,168000
1652270491.6832,208000,208000
1652270491.7372,184000,184000
1652270491.7898,184000,184000
1652270491.8458,184000,184000
1652270491.9001,192000,192000
1652270491.9209,216000,216000
1652270491.9763,184000,184000
1652270492.0340,184000,184000
1652270492.1223,184000,184000
1652270492.1804,128000,128000
1652270492.1983,152000,152000
1652270492.2536,152000,152000
1652270492.3086,184000,184000
1652270492.3637,184000,184000
1652270492.4186,184000,184000
1652270492.4407,208000,208000
1652270492.4958,184000,184000
1652270492.5509,184000,184000
1652270492.6056,184000,184000
1652270492.6611,184000,184000
1652270492.6941,176000,176000
1652270492.7550,176000,176000
1652270492.8046,176000,176000
1652270492.8598,176000,176000
1652270492.9141,176000,176000
1652270492.9344,184000,184000
1652270492.9896,192000,192000
1652270493.0465,184000,184000
1652270493.0997,184000,184000
1652270493.1549,192000,192000
1652270493.1928,176000,176000
1652270493.2474,176000,176000
1652270493.3044,176000,176000
1652270493.3556,176000,176000
1652270493.4116,192000,192000
1652270493.4587,184000,184000
1652270493.5135,184000,184000
1652270493.5686,184000,184000
1652270493.6236,192000,192000
1652270493.6951,152000,152000
1652270493.7153,184000,184000
1652270493.7706,184000,184000
1652270493.8253,184000,184000
1652270493.8818,176000,176000
1652270493.9351,200000,200000
1652270493.9790,184000,184000
1652270494.0341,184000,184000
1652270494.0894,184000,184000
1652270494.1444,184000,184000
1652270494.1993,192000,192000
1652270494.2545,168000,168000
1652270494.2933,184000,184000
1652270494.3485,184000,184000
1652270494.4071,176000,176000
1652270494.6796,1000,1000
1652270494.7354,1000,1000
1652270494.7861,1000,1000
1652270494.8211,176000,176000
1652270494.8775,176000,176000
1652270494.9319,184000,184000
1652270494.9881,176000,176000
1652270495.0417,192000,192000
1652270495.0876,184000,184000
1652270495.1427,184000,184000
1652270495.1976,184000,184000
1652270495.2527,184000,184000
1652270495.3078,176000,176000
1652270495.3501,184000,184000
1652270495.4050,184000,184000
1652270495.4600,184000,184000
1652270495.5191,184000,184000
1652270495.5698,168000,168000
1652270495.5978,184000,184000
1652270495.6527,184000,184000
1652270495.7083,184000,184000
1652270495.7629,184000,184000
1652270495.8179,184000,184000
1652270495.8478,184000,184000
1652270495.9023,184000,184000
1652270495.9615,184000,184000
1652270496.0168,184000,184000
1652270496.0677,208000,208000
1652270496.1226,144000,144000
1652270496.1326,184000,184000
1652270496.1930,184000,184000
1652270496.2414,184000,184000
1652270496.2963,184000,184000
1652270496.3512,208000,208000
1652270496.3981,184000,184000
1652270496.4507,184000,184000
1652270496.5058,176000,176000
1652270496.5609,176000,176000
1652270496.6148,168000,168000
1652270496.6409,184000,184000
1652270496.6960,184000,184000
1652270496.7554,184000,184000
1652270496.8061,184000,184000
1652270496.8607,168000,168000
1652270496.8696,200000,200000
1652270496.9229,176000,176000
1652270497.1277,1000,1000
1652270497.1836,1000,1000
1652270497.2378,1000,1000
1652270497.2577,176000,176000
1652270497.3132,176000,176000
1652270497.3679,184000,184000
1652270497.4227,184000,184000
1652270497.4788,184000,184000
1652270497.5000,208000,208000
1652270497.5580,176000,176000
1652270497.6133,176000,176000
1652270497.6670,184000,184000
1652270497.7209,176000,176000
1652270497.7357,208000,208000
1652270497.7898,176000,176000
1652270497.8432,184000,184000
1652270497.8976,184000,184000
1652270497.9522,184000,184000
1652270497.9624,216000,216000
1652270498.0177,184000,184000
1652270498.0783,184000,184000
1652270498.1277,184000,184000
