1652268995.1749,1000,1000
1652268995.1812,1000,1000
1652268995.1886,1000,1000
1652268995.1933,1640000,1640000
1652268995.1979,1728000,1728000
1652268995.2021,1856000,1856000
1652268995.2082,1832000,1832000
1652268995.2126,1864000,1864000
1652268995.2172,1928000,1928000
1652268995.2230,1944000,1944000
1652268995.2281,1920000,1920000
1652268995.2329,1936000,1936000
1652268995.2386,1976000,1976000
1652268995.2438,1952000,1952000
1652268995.2482,1960000,1960000
1652268995.2541,1888000,1888000
1652268995.2595,1856000,1856000
1652268995.2644,1864000,1864000
1652268995.2704,1880000,1880000
1652268995.2756,1872000,1872000
1652268995.2802,1856000,1856000
1652268995.2895,1800000,1800000
1652268995.2949,1800000,1800000
1652268995.3003,1808000,1808000
1652268995.3050,1824000,1824000
1652268995.3108,1824000,1824000
1652268995.3169,1824000,1824000
1652268995.3225,1816000,1816000
1652268995.3281,1816000,1816000
1652268995.3331,1824000,1824000
1652268995.3392,1760000,1760000
1652268995.3439,1768000,1768000
1652268995.3486,1792000,1792000
1652268995.3539,1800000,1800000
1652268995.3594,1792000,1792000
1652268995.3662,1784000,1784000
1652268995.3713,1784000,1784000
1652268995.3784,1776000,1776000
1652268995.3965,1688000,1688000
1652268995.4149,1568000,1568000
1652268995.4208,1560000,1560000
1652268995.4402,1488000,1488000
1652268995.4572,1424000,1424000
1652268995.4756,1328000,1328000
1652268995.4932,1192000,1192000
1652268995.4991,1184000,1184000
1652268995.5185,1104000,1104000
1652268995.5372,1000000,1000000
1652268995.5554,952000,952000
1652268995.5733,832000,832000
1652268995.5846,792000,792000
1652268995.6035,744000,744000
1652268995.6223,632000,632000
1652268995.6438,552000,552000
1652268995.6587,512000,512000
1652268995.6645,576000,576000
1652268995.6809,552000,552000
1652268995.6999,552000,552000
1652268995.7182,544000,544000
1652268995.7367,544000,544000
1652268995.7570,568000,568000
1652268995.7714,552000,552000
1652268995.7901,552000,552000
1652268995.8083,528000,528000
1652268995.8174,544000,544000
1652268995.8418,560000,560000
1652268995.8546,552000,552000
1652268995.8718,552000,552000
1652268995.8900,528000,528000
1652268995.8994,544000,544000
1652268995.9180,584000,584000
1652268995.9362,552000,552000
1652268995.9548,552000,552000
1652268995.9732,520000,520000
1652268995.9788,544000,544000
1652268995.9946,552000,552000
1652268996.0154,552000,552000
1652268996.0314,520000,520000
1652268996.0399,544000,544000
1652268996.0593,568000,568000
1652268996.0760,552000,552000
1652268996.0938,520000,520000
1652268996.1000,544000,544000
1652268996.1167,552000,552000
1652268996.1349,552000,552000
1652268996.1557,568000,568000
1652268996.1730,552000,552000
1652268996.1917,544000,544000
1652268996.2103,552000,552000
1652268996.2279,568000,568000
1652268996.2480,536000,536000
1652268996.2700,544000,544000
1652268996.2843,568000,568000
1652268996.3019,536000,536000
1652268996.3167,544000,544000
1652268996.3347,536000,536000
1652268996.3531,568000,568000
1652268996.3720,528000,528000
1652268996.3872,536000,536000
1652268996.4094,544000,544000
1652268996.4247,544000,544000
1652268996.4463,536000,536000
1652268996.4617,512000,512000
1652268996.4702,528000,528000
1652268996.4893,544000,544000
1652268996.5075,544000,544000
1652268996.5259,528000,528000
1652268996.5403,536000,536000
1652268996.5607,544000,544000
1652268996.5796,536000,536000
1652268996.5955,528000,528000
1652268996.6123,536000,536000
1652268996.6301,552000,552000
1652268996.6484,536000,536000
1652268996.6684,536000,536000
1652268996.6828,544000,544000
1652268996.7004,544000,544000
1652268996.7186,568000,568000
1652268996.7370,544000,544000
1652268996.7512,552000,552000
1652268996.7701,552000,552000
1652268996.7881,568000,568000
1652268996.8065,552000,552000
1652268996.8236,560000,560000
1652268996.8427,560000,560000
1652268996.8611,560000,560000
1652268996.8797,552000,552000
1652268996.8948,560000,560000
1652268996.9137,560000,560000
1652268996.9318,568000,568000
1652268996.9500,560000,560000
1652268996.9754,544000,544000
1652268996.9907,552000,552000
1652268997.0085,552000,552000
1652268997.0268,544000,544000
1652268997.0493,536000,536000
1652268997.0795,512000,512000
1652268997.0850,536000,536000
1652268997.1030,544000,544000
1652268997.1209,512000,512000
1652268997.1265,536000,536000
1652268997.1468,536000,536000
1652268997.1633,536000,536000
1652268997.1860,520000,520000
1652268997.1956,536000,536000
1652268997.2142,536000,536000
1652268997.2319,544000,544000
1652268997.2513,544000,544000
1652268997.2685,544000,544000
1652268997.2874,544000,544000
1652268997.3056,552000,552000
1652268997.3241,584000,584000
1652268997.3426,552000,552000
1652268997.3497,544000,544000
1652268997.3656,552000,552000
1652268997.3841,584000,584000
1652268997.4024,560000,560000
1652268997.4204,536000,536000
1652268997.4314,560000,560000
1652268997.4501,552000,552000
1652268997.4724,544000,544000
1652268997.4907,536000,536000
1652268997.5054,512000,512000
1652268997.5117,544000,544000
1652268997.5270,544000,544000
1652268997.5451,544000,544000
1652268997.5628,552000,552000
1652268997.5818,512000,512000
1652268997.5883,536000,536000
1652268997.6046,568000,568000
1652268997.6229,544000,544000
1652268997.6425,536000,536000
1652268997.6598,504000,504000
1652268997.6657,528000,528000
1652268997.6881,528000,528000
1652268997.7041,536000,536000
1652268997.7229,544000,544000
1652268997.7402,512000,512000
1652268997.7484,528000,528000
1652268997.7667,560000,560000
1652268997.7861,528000,528000
1652268997.8031,528000,528000
1652268997.8210,528000,528000
1652268997.8401,568000,568000
1652268997.8586,536000,536000
1652268997.8784,528000,528000
1652268997.8945,504000,504000
1652268997.9011,536000,536000
1652268997.9195,568000,568000
1652268997.9380,544000,544000
1652268997.9560,544000,544000
1652268997.9797,512000,512000
1652268997.9882,528000,528000
1652268998.0020,568000,568000
1652268998.0205,552000,552000
1652268998.0385,552000,552000
1652268998.0562,512000,512000
1652268998.0650,536000,536000
1652268998.0836,536000,536000
1652268998.1018,536000,536000
1652268998.1207,536000,536000
1652268998.1385,520000,520000
1652268998.1496,560000,560000
1652268998.1804,512000,512000
1652268998.1855,536000,536000
1652268998.2034,536000,536000
1652268998.2223,504000,504000
1652268998.2277,560000,560000
1652268998.2467,552000,552000
1652268998.2637,536000,536000
1652268998.2824,536000,536000
1652268998.3065,504000,504000
1652268998.3202,536000,536000
1652268998.3293,536000,536000
1652268998.3448,544000,544000
1652268998.3625,544000,544000
1652268998.3807,520000,520000
1652268998.3909,568000,568000
1652268998.4117,544000,544000
1652268998.4284,576000,576000
1652268998.4469,576000,576000
1652268998.4669,544000,544000
1652268998.4854,576000,576000
1652268998.5038,552000,552000
1652268998.5216,544000,544000
1652268998.5423,536000,536000
1652268998.5889,488000,488000
1652268998.6069,488000,488000
1652268998.6253,480000,480000
1652268998.6416,504000,504000
1652268998.6615,488000,488000
1652268998.6783,496000,496000
1652268998.6969,488000,488000
1652268998.7147,456000,456000
1652268998.7233,480000,480000
1652268998.7418,480000,480000
1652268998.7597,480000,480000
1652268998.7789,472000,472000
1652268998.7938,480000,480000
1652268998.8107,544000,544000
1652268998.8291,544000,544000
1652268998.8478,544000,544000
1652268998.8649,544000,544000
1652268998.8842,544000,544000
1652268998.9026,544000,544000
1652268998.9201,544000,544000
1652268998.9426,528000,528000
1652268998.9602,536000,536000
1652268998.9789,568000,568000
1652268998.9973,528000,528000
1652268999.0091,544000,544000
1652268999.0285,552000,552000
1652268999.0465,544000,544000
1652268999.0643,544000,544000
1652268999.0858,536000,536000
1652268999.1038,544000,544000
1652268999.1224,536000,536000
1652268999.1406,528000,528000
1652268999.1537,544000,544000
1652268999.1717,544000,544000
1652268999.1912,552000,552000
1652268999.2113,528000,528000
1652268999.2247,544000,544000
1652268999.2431,544000,544000
1652268999.3210,416000,416000
1652268999.3283,432000,432000
1652268999.3377,448000,448000
1652268999.3463,472000,472000
1652268999.3647,472000,472000
1652268999.3824,464000,464000
1652268999.3977,488000,488000
1652268999.4161,472000,472000
1652268999.4369,472000,472000
1652268999.4530,456000,456000
1652268999.4644,488000,488000
1652268999.4840,472000,472000
1652268999.5026,480000,480000
1652268999.5213,608000,608000
1652268999.5371,608000,608000
1652268999.5558,600000,600000
1652268999.5742,600000,600000
1652268999.5925,592000,592000
1652268999.6110,528000,528000
1652268999.6219,544000,544000
1652268999.6403,552000,552000
1652268999.6587,544000,544000
1652268999.6764,528000,528000
1652268999.6884,544000,544000
1652268999.7082,560000,560000
1652268999.7258,544000,544000
1652268999.7447,528000,528000
1652268999.7606,536000,536000
1652268999.7791,544000,544000
1652268999.7976,536000,536000
1652268999.8157,528000,528000
1652268999.8305,536000,536000
1652268999.8492,536000,536000
1652268999.8674,552000,552000
1652268999.8882,536000,536000
1652268999.9031,504000,504000
1652268999.9094,528000,528000
1652268999.9250,552000,552000
1652268999.9465,528000,528000
1652268999.9623,520000,520000
1652268999.9852,520000,520000
1652268999.9980,544000,544000
1652269000.0401,488000,488000
1652269000.0582,472000,472000
1652269000.0724,496000,496000
1652269000.0904,488000,488000
1652269000.1122,480000,480000
1652269000.1277,488000,488000
1652269000.1475,488000,488000
1652269000.1770,488000,488000
1652269000.1847,488000,488000
1652269000.2070,480000,480000
1652269000.2232,488000,488000
1652269000.2394,496000,496000
1652269000.2546,496000,496000
1652269000.2733,544000,544000
1652269000.2895,544000,544000
1652269000.3093,560000,560000
1652269000.3276,544000,544000
1652269000.3477,536000,536000
1652269000.3621,544000,544000
1652269000.3804,544000,544000
1652269000.3992,552000,552000
1652269000.4174,552000,552000
1652269000.4366,552000,552000
1652269000.4547,552000,552000
1652269000.4730,560000,560000
1652269000.4915,552000,552000
1652269000.5096,512000,512000
1652269000.5194,528000,528000
1652269000.5350,544000,544000
1652269000.5540,536000,536000
1652269000.5774,536000,536000
1652269000.5942,536000,536000
1652269000.6089,552000,552000
1652269000.6272,544000,544000
1652269000.6467,544000,544000
1652269000.6691,512000,512000
1652269000.6936,496000,496000
1652269000.7003,520000,520000
1652269000.7117,536000,536000
1652269000.7295,536000,536000
1652269000.7486,536000,536000
1652269000.7795,520000,520000
1652269000.8010,520000,520000
1652269000.8216,504000,504000
1652269000.8327,496000,496000
1652269000.8416,520000,520000
1652269000.8594,520000,520000
1652269000.8792,512000,512000
1652269000.8966,512000,512000
1652269000.9146,512000,512000
1652269000.9218,544000,544000
1652269000.9392,568000,568000
1652269000.9591,560000,560000
1652269000.9758,528000,528000
1652269000.9939,488000,488000
1652269001.0033,512000,512000
1652269001.0211,536000,536000
1652269001.0398,544000,544000
1652269001.0578,536000,536000
1652269001.0765,528000,528000
1652269001.0857,544000,544000
1652269001.1052,536000,536000
1652269001.1231,536000,536000
1652269001.1414,536000,536000
1652269001.1595,504000,504000
1652269001.1654,560000,560000
1652269001.1818,536000,536000
1652269001.2053,536000,536000
1652269001.2221,528000,528000
1652269001.2369,496000,496000
1652269001.2441,560000,560000
1652269001.2589,568000,568000
1652269001.2777,544000,544000
1652269001.2970,544000,544000
1652269001.3139,504000,504000
1652269001.3206,528000,528000
1652269001.3352,568000,568000
1652269001.3528,552000,552000
1652269001.3711,544000,544000
1652269001.3911,544000,544000
1652269001.4104,576000,576000
1652269001.4287,552000,552000
1652269001.4473,544000,544000
1652269001.4650,512000,512000
1652269001.4716,544000,544000
1652269001.4892,576000,576000
1652269001.5086,552000,552000
1652269001.5261,544000,544000
1652269001.5454,512000,512000
1652269001.5554,536000,536000
1652269001.5725,568000,568000
1652269001.5908,536000,536000
1652269001.6097,536000,536000
1652269001.6280,496000,496000
1652269001.6343,528000,528000
1652269001.6535,528000,528000
1652269001.6689,536000,536000
1652269001.6852,536000,536000
1652269001.7033,536000,536000
1652269001.7215,568000,568000
1652269001.7402,544000,544000
1652269001.7584,544000,544000
1652269001.7758,544000,544000
1652269001.7936,576000,576000
1652269001.8143,552000,552000
1652269001.8305,544000,544000
1652269001.8489,544000,544000
1652269001.8666,552000,552000
1652269001.8857,592000,592000
1652269001.9043,560000,560000
1652269001.9241,552000,552000
1652269001.9418,552000,552000
1652269001.9604,552000,552000
1652269001.9806,552000,552000
1652269001.9974,528000,528000
1652269002.0071,552000,552000
1652269002.0262,544000,544000
1652269002.0444,544000,544000
1652269002.0631,552000,552000
1652269002.0804,520000,520000
1652269002.0905,536000,536000
1652269002.1065,544000,544000
1652269002.1253,544000,544000
1652269002.1436,536000,536000
1652269002.1595,536000,536000
1652269002.1803,536000,536000
1652269002.1992,536000,536000
1652269002.2151,544000,544000
1652269002.2331,512000,512000
1652269002.2400,536000,536000
1652269002.2569,560000,560000
1652269002.2748,544000,544000
1652269002.2939,544000,544000
1652269002.3117,504000,504000
1652269002.3180,536000,536000
1652269002.3386,568000,568000
1652269002.3627,528000,528000
1652269002.3732,536000,536000
1652269002.3925,544000,544000
1652269002.4101,544000,544000
1652269002.4293,544000,544000
1652269002.4478,536000,536000
1652269002.4641,544000,544000
1652269002.4823,576000,576000
1652269002.5012,552000,552000
1652269002.5198,544000,544000
1652269002.5384,520000,520000
1652269002.5458,544000,544000
1652269002.5648,576000,576000
1652269002.5902,544000,544000
1652269002.6029,544000,544000
1652269002.6201,544000,544000
1652269002.6314,552000,552000
1652269002.6551,544000,544000
1652269002.6696,552000,552000
1652269002.6885,552000,552000
1652269002.7064,552000,552000
1652269002.7264,544000,544000
1652269002.7447,544000,544000
1652269002.7626,544000,544000
1652269002.7809,544000,544000
1652269002.7997,544000,544000
1652269002.8070,544000,544000
1652269002.8255,544000,544000
1652269002.8435,544000,544000
1652269002.8622,544000,544000
1652269002.8800,528000,528000
1652269002.8885,536000,536000
1652269002.9059,544000,544000
1652269002.9240,544000,544000
1652269002.9485,536000,536000
1652269002.9620,512000,512000
1652269002.9684,536000,536000
1652269002.9873,544000,544000
1652269003.0055,544000,544000
1652269003.0232,544000,544000
1652269003.0416,504000,504000
1652269003.0496,560000,560000
1652269003.0652,560000,560000
1652269003.0831,544000,544000
1652269003.1013,544000,544000
1652269003.1195,512000,512000
1652269003.1273,536000,536000
1652269003.1465,544000,544000
1652269003.1648,544000,544000
1652269003.1831,544000,544000
1652269003.2009,520000,520000
1652269003.2094,544000,544000
1652269003.2282,544000,544000
1652269003.2475,544000,544000
1652269003.2674,544000,544000
1652269003.2826,520000,520000
1652269003.2923,576000,576000
1652269003.3111,552000,552000
1652269003.3300,544000,544000
1652269003.3475,544000,544000
1652269003.3657,520000,520000
1652269003.3777,560000,560000
1652269003.3940,544000,544000
1652269003.4143,544000,544000
1652269003.4313,544000,544000
1652269003.4497,544000,544000
1652269003.4588,568000,568000
1652269003.4780,544000,544000
1652269003.4951,544000,544000
1652269003.5134,544000,544000
1652269003.5315,528000,528000
1652269003.5479,568000,568000
1652269003.5834,504000,504000
1652269003.6000,504000,504000
1652269003.6130,512000,512000
1652269003.6204,552000,552000
1652269003.6343,552000,552000
1652269003.6526,544000,544000
1652269003.6784,536000,536000
1652269003.6951,536000,536000
1652269003.7140,544000,544000
1652269003.7281,528000,528000
1652269003.7464,528000,528000
1652269003.7649,528000,528000
1652269003.7833,552000,552000
1652269003.8067,528000,528000
1652269003.8192,568000,568000
1652269003.8369,568000,568000
1652269003.8560,568000,568000
1652269003.8736,560000,560000
1652269003.8928,536000,536000
1652269003.9100,520000,520000
1652269003.9242,544000,544000
1652269003.9431,544000,544000
1652269003.9614,560000,560000
1652269003.9803,552000,552000
1652269003.9978,552000,552000
1652269004.0163,528000,528000
1652269004.0290,544000,544000
1652269004.0470,544000,544000
1652269004.0658,552000,552000
1652269004.0836,552000,552000
1652269004.1024,544000,544000
1652269004.1174,552000,552000
1652269004.1386,544000,544000
1652269004.1551,544000,544000
1652269004.1739,560000,560000
1652269004.1917,536000,536000
1652269004.2063,544000,544000
1652269004.2251,544000,544000
1652269004.2433,552000,552000
1652269004.2618,544000,544000
1652269004.2802,544000,544000
1652269004.2914,544000,544000
1652269004.3107,544000,544000
1652269004.3287,544000,544000
1652269004.3488,544000,544000
1652269004.3650,536000,536000
1652269004.3772,536000,536000
1652269004.4121,512000,512000
1652269004.4444,488000,488000
1652269004.4631,480000,480000
1652269004.4723,496000,496000
1652269004.4809,488000,488000
1652269004.4898,504000,504000
1652269004.5070,504000,504000
1652269004.5222,512000,512000
1652269004.5434,536000,536000
1652269004.5593,504000,504000
1652269004.5772,504000,504000
1652269004.5947,512000,512000
1652269004.6147,512000,512000
1652269004.6341,536000,536000
1652269004.6543,512000,512000
1652269004.6609,536000,536000
1652269004.6762,576000,576000
1652269004.6947,576000,576000
1652269004.7130,584000,584000
1652269004.7310,528000,528000
1652269004.7380,552000,552000
1652269004.7533,552000,552000
1652269004.7755,552000,552000
1652269004.7902,544000,544000
1652269004.8085,520000,520000
1652269004.8161,552000,552000
1652269004.8337,552000,552000
1652269004.8502,552000,552000
1652269004.8691,560000,560000
1652269004.8870,528000,528000
1652269004.8954,552000,552000
1652269004.9139,576000,576000
1652269004.9326,552000,552000
1652269004.9508,552000,552000
1652269004.9690,512000,512000
1652269004.9782,528000,528000
1652269004.9965,568000,568000
1652269005.0151,536000,536000
1652269005.0335,544000,544000
1652269005.0517,504000,504000
1652269005.0586,560000,560000
1652269005.0768,536000,536000
1652269005.0950,536000,536000
1652269005.1133,536000,536000
1652269005.1438,504000,504000
1652269005.1523,528000,528000
1652269005.1699,504000,504000
1652269005.1875,504000,504000
1652269005.2069,504000,504000
1652269005.2238,512000,512000
1652269005.2314,536000,536000
1652269005.2497,520000,520000
1652269005.2679,520000,520000
1652269005.2874,512000,512000
1652269005.3047,520000,520000
1652269005.3112,544000,544000
1652269005.3285,520000,520000
1652269005.3463,520000,520000
1652269005.3643,520000,520000
1652269005.3825,568000,568000
1652269005.3992,576000,576000
1652269005.4175,552000,552000
1652269005.4357,552000,552000
1652269005.4586,552000,552000
1652269005.4722,536000,536000
1652269005.4912,544000,544000
1652269005.5082,544000,544000
1652269005.5258,544000,544000
1652269005.5456,544000,544000
1652269005.5625,552000,552000
1652269005.5735,544000,544000
1652269005.5917,536000,536000
1652269005.6100,536000,536000
1652269005.6285,536000,536000
1652269005.6467,536000,536000
1652269005.6644,536000,536000
1652269005.6829,536000,536000
1652269005.7005,536000,536000
1652269005.7196,536000,536000
1652269005.7376,528000,528000
1652269005.7480,544000,544000
1652269005.7659,544000,544000
1652269005.7839,544000,544000
1652269005.8105,536000,536000
1652269005.8214,568000,568000
1652269005.8388,512000,512000
1652269005.8456,536000,536000
1652269005.8615,544000,544000
1652269005.9146,472000,472000
1652269005.9313,472000,472000
1652269005.9492,464000,464000
1652269005.9663,472000,472000
1652269005.9862,472000,472000
1652269006.0030,496000,496000
1652269006.0215,480000,480000
1652269006.0393,464000,464000
1652269006.0534,480000,480000
1652269006.0720,488000,488000
1652269006.0904,512000,512000
1652269006.1088,488000,488000
1652269006.1272,464000,464000
1652269006.1373,552000,552000
1652269006.1555,552000,552000
1652269006.1747,552000,552000
1652269006.1926,552000,552000
1652269006.2104,536000,536000
1652269006.2227,552000,552000
1652269006.2409,552000,552000
1652269006.3338,392000,392000
1652269006.3403,408000,408000
1652269006.3462,416000,416000
1652269006.3519,448000,448000
1652269006.3578,464000,464000
1652269006.3649,496000,496000
1652269006.3701,528000,528000
1652269006.3799,544000,544000
1652269006.3901,560000,560000
1652269006.4065,552000,552000
1652269006.4247,552000,552000
1652269006.4432,552000,552000
1652269006.4609,544000,544000
1652269006.4705,560000,560000
1652269006.4890,544000,544000
1652269006.5070,552000,552000
1652269006.5262,760000,760000
1652269006.5447,696000,696000
1652269006.5510,720000,720000
1652269006.5667,720000,720000
1652269006.5847,704000,704000
1652269006.6054,672000,672000
1652269006.6207,592000,592000
1652269006.6283,592000,592000
1652269006.6734,488000,488000
1652269006.6912,480000,480000
1652269006.7143,512000,512000
1652269006.7319,448000,448000
1652269006.7383,472000,472000
1652269006.7517,488000,488000
1652269006.7699,488000,488000
1652269006.7881,488000,488000
1652269006.8107,496000,496000
1652269006.8177,488000,488000
1652269006.8315,488000,488000
1652269006.8503,488000,488000
1652269006.8682,488000,488000
1652269006.8865,488000,488000
1652269006.8930,488000,488000
1652269006.9107,544000,544000
1652269006.9295,544000,544000
1652269006.9481,544000,544000
1652269006.9666,520000,520000
1652269006.9791,576000,576000
1652269006.9972,576000,576000
1652269007.0147,544000,544000
1652269007.0330,536000,536000
1652269007.0506,536000,536000
1652269007.0690,568000,568000
1652269007.0874,544000,544000
1652269007.1055,544000,544000
1652269007.1274,536000,536000
1652269007.1480,560000,560000
1652269007.1645,536000,536000
1652269007.1832,544000,544000
1652269007.2014,536000,536000
1652269007.2209,560000,560000
1652269007.2379,552000,552000
1652269007.2560,544000,544000
1652269007.2750,544000,544000
1652269007.2928,528000,528000
1652269007.3046,536000,536000
1652269007.3231,536000,536000
1652269007.3425,544000,544000
1652269007.3597,544000,544000
1652269007.3784,520000,520000
1652269007.3870,544000,544000
1652269007.4423,464000,464000
1652269007.4608,472000,472000
1652269007.4803,472000,472000
1652269007.4968,432000,432000
1652269007.5027,464000,464000
1652269007.5210,464000,464000
1652269007.5392,464000,464000
1652269007.5570,480000,480000
1652269007.5752,464000,464000
1652269007.5935,464000,464000
1652269007.6142,456000,456000
1652269007.6304,488000,488000
1652269007.6527,464000,464000
1652269007.6714,536000,536000
1652269007.6898,544000,544000
1652269007.7085,544000,544000
1652269007.7265,504000,504000
1652269007.7342,528000,528000
1652269007.7495,568000,568000
1652269007.7676,544000,544000
1652269007.7858,536000,536000
1652269007.8043,544000,544000
1652269007.8224,544000,544000
1652269007.8416,544000,544000
1652269007.8588,536000,536000
1652269007.8781,536000,536000
1652269007.8975,536000,536000
1652269007.9163,536000,536000
1652269007.9343,528000,528000
1652269007.9464,544000,544000
1652269007.9661,536000,536000
1652269007.9833,576000,576000
1652269008.0025,528000,528000
1652269008.0151,544000,544000
1652269008.0336,544000,544000
1652269008.0522,544000,544000
1652269008.0704,528000,528000
1652269008.0822,544000,544000
1652269008.0999,544000,544000
1652269008.1182,544000,544000
1652269008.1365,528000,528000
1652269008.1827,472000,472000
1652269008.2010,488000,488000
1652269008.2192,472000,472000
1652269008.2377,448000,448000
1652269008.2498,472000,472000
1652269008.2686,488000,488000
1652269008.2864,472000,472000
1652269008.3049,472000,472000
1652269008.3233,464000,464000
1652269008.3381,456000,456000
1652269008.3554,464000,464000
1652269008.3733,464000,464000
1652269008.3919,472000,472000
1652269008.4088,536000,536000
1652269008.4265,536000,536000
1652269008.4456,536000,536000
1652269008.4695,520000,520000
1652269008.4806,528000,528000
1652269008.4982,544000,544000
1652269008.5147,536000,536000
1652269008.5305,528000,528000
1652269008.5452,536000,536000
1652269008.5628,544000,544000
1652269008.5809,568000,568000
1652269008.5996,552000,552000
1652269008.6196,544000,544000
1652269008.6365,544000,544000
1652269008.6675,528000,528000
1652269008.6740,536000,536000
1652269008.6861,552000,552000
1652269008.7045,552000,552000
1652269008.7231,568000,568000
1652269008.7415,552000,552000
1652269008.7580,552000,552000
1652269008.7773,544000,544000
1652269008.7953,552000,552000
1652269008.8136,536000,536000
1652269008.8308,536000,536000
1652269008.8493,544000,544000
1652269008.8677,544000,544000
1652269008.8862,536000,536000
1652269008.9387,480000,480000
1652269008.9577,464000,464000
1652269008.9791,456000,456000
1652269008.9963,472000,472000
1652269009.0127,432000,432000
1652269009.0190,464000,464000
1652269009.0350,464000,464000
1652269009.0538,464000,464000
1652269009.0726,472000,472000
1652269009.0988,464000,464000
1652269009.1192,448000,448000
1652269009.1307,464000,464000
1652269009.1497,464000,464000
1652269009.1725,520000,520000
1652269009.1950,520000,520000
1652269009.2055,536000,536000
1652269009.2212,544000,544000
1652269009.2387,512000,512000
1652269009.2469,536000,536000
1652269009.2617,544000,544000
1652269009.2806,552000,552000
1652269009.2974,544000,544000
1652269009.3164,536000,536000
1652269009.3358,544000,544000
1652269009.3564,544000,544000
1652269009.3712,568000,568000
1652269009.3894,528000,528000
1652269009.3998,552000,552000
1652269009.4172,560000,560000
1652269009.4421,560000,560000
1652269009.4540,568000,568000
1652269009.4738,536000,536000
1652269009.4904,576000,576000
1652269009.5088,560000,560000
1652269009.5296,544000,544000
1652269009.5474,544000,544000
1652269009.5669,544000,544000
1652269009.5838,552000,552000
1652269009.6040,536000,536000
1652269009.6159,552000,552000
1652269009.6344,544000,544000
1652269009.6533,568000,568000
1652269009.7077,472000,472000
1652269009.7235,464000,464000
1652269009.7433,464000,464000
1652269009.7615,464000,464000
1652269009.7801,456000,456000
1652269009.7970,456000,456000
1652269009.8164,456000,456000
1652269009.8341,456000,456000
1652269009.8533,456000,456000
1652269009.8672,472000,472000
1652269009.8897,440000,440000
1652269009.9036,456000,456000
1652269009.9220,536000,536000
1652269009.9381,544000,544000
1652269009.9568,544000,544000
1652269009.9758,536000,536000
1652269009.9952,536000,536000
1652269010.0130,536000,536000
1652269010.0307,552000,552000
1652269010.0487,552000,552000
1652269010.0678,544000,544000
1652269010.0841,544000,544000
1652269010.1044,560000,560000
1652269010.1216,552000,552000
1652269010.1409,560000,560000
1652269010.1584,544000,544000
1652269010.1779,552000,552000
1652269010.1954,552000,552000
1652269010.2138,552000,552000
1652269010.2314,552000,552000
1652269010.2491,552000,552000
1652269010.2685,552000,552000
1652269010.2878,552000,552000
1652269010.3046,512000,512000
1652269010.3113,536000,536000
1652269010.3289,544000,544000
1652269010.3477,544000,544000
1652269010.3692,528000,528000
1652269010.3820,536000,536000
1652269010.3992,552000,552000
1652269010.4555,464000,464000
1652269010.4734,472000,472000
1652269010.4910,440000,440000
1652269010.4972,464000,464000
1652269010.5164,456000,456000
1652269010.5329,464000,464000
1652269010.5528,464000,464000
1652269010.5698,472000,472000
1652269010.5766,472000,472000
1652269010.5953,472000,472000
1652269010.6114,472000,472000
1652269010.6298,488000,488000
1652269010.6513,456000,456000
1652269010.6675,544000,544000
1652269010.6867,544000,544000
1652269010.7047,552000,552000
1652269010.7235,520000,520000
1652269010.7327,536000,536000
1652269010.7511,568000,568000
1652269010.7692,544000,544000
1652269010.7867,544000,544000
1652269010.8050,528000,528000
1652269010.8178,544000,544000
1652269010.8358,568000,568000
1652269010.8556,544000,544000
1652269010.8716,544000,544000
1652269010.8922,512000,512000
1652269010.8991,544000,544000
1652269010.9182,536000,536000
1652269010.9359,544000,544000
1652269010.9545,544000,544000
1652269010.9735,544000,544000
1652269010.9829,560000,560000
1652269011.0027,536000,536000
1652269011.0193,544000,544000
1652269011.0377,536000,536000
1652269011.0562,528000,528000
1652269011.0622,552000,552000
1652269011.0824,536000,536000
1652269011.1017,536000,536000
1652269011.1181,544000,544000
1652269011.1371,512000,512000
1652269011.1438,568000,568000
1652269011.1622,544000,544000
1652269011.2226,480000,480000
1652269011.2399,464000,464000
1652269011.2589,440000,440000
1652269011.2696,448000,448000
1652269011.2889,448000,448000
1652269011.3064,480000,480000
1652269011.3250,456000,456000
1652269011.3444,440000,440000
1652269011.3533,456000,456000
1652269011.3722,456000,456000
1652269011.3902,480000,480000
1652269011.4121,448000,448000
1652269011.4263,440000,440000
1652269011.4408,536000,536000
1652269011.4608,536000,536000
1652269011.4806,536000,536000
1652269011.4978,536000,536000
1652269011.5165,536000,536000
1652269011.5235,560000,560000
1652269011.5412,544000,544000
1652269011.5591,544000,544000
1652269011.5778,544000,544000
1652269011.5956,544000,544000
1652269011.6058,560000,560000
1652269011.6245,544000,544000
1652269011.6420,544000,544000
1652269011.6613,552000,552000
1652269011.6811,528000,528000
1652269011.6885,552000,552000
1652269011.7063,544000,544000
1652269011.7238,552000,552000
1652269011.7444,552000,552000
1652269011.7602,536000,536000
1652269011.7734,576000,576000
1652269011.7960,544000,544000
1652269011.8101,552000,552000
1652269011.8293,544000,544000
1652269011.8471,552000,552000
1652269011.8607,560000,560000
1652269011.8837,544000,544000
1652269011.8968,544000,544000
1652269011.9158,544000,544000
1652269011.9339,568000,568000
1652269011.9920,456000,456000
1652269012.0130,464000,464000
1652269012.0295,456000,456000
1652269012.0470,464000,464000
1652269012.0664,440000,440000
1652269012.0792,456000,456000
1652269012.0963,472000,472000
1652269012.1157,464000,464000
1652269012.1335,464000,464000
1652269012.1528,456000,456000
1652269012.1696,464000,464000
1652269012.1882,464000,464000
1652269012.2073,552000,552000
1652269012.2248,552000,552000
1652269012.2448,528000,528000
1652269012.2543,552000,552000
1652269012.2735,560000,560000
1652269012.2910,552000,552000
1652269012.3092,552000,552000
1652269012.3281,552000,552000
1652269012.3422,544000,544000
1652269012.3608,544000,544000
1652269012.3819,544000,544000
1652269012.3989,544000,544000
1652269012.4151,536000,536000
1652269012.4287,544000,544000
1652269012.4477,544000,544000
1652269012.4634,544000,544000
1652269012.4823,544000,544000
1652269012.5001,552000,552000
1652269012.5131,544000,544000
1652269012.5324,544000,544000
1652269012.5501,544000,544000
1652269012.5691,544000,544000
1652269012.5866,544000,544000
1652269012.6013,544000,544000
1652269012.6192,544000,544000
1652269012.6381,552000,552000
1652269012.6572,544000,544000
1652269012.6750,544000,544000
1652269012.6870,552000,552000
1652269012.7041,552000,552000
1652269012.7616,480000,480000
1652269012.7807,464000,464000
1652269012.7975,456000,456000
1652269012.8126,456000,456000
1652269012.8287,464000,464000
1652269012.8499,472000,472000
1652269012.8660,472000,472000
1652269012.8841,464000,464000
1652269012.9008,464000,464000
1652269012.9193,464000,464000
1652269012.9395,480000,480000
1652269012.9561,464000,464000
1652269012.9760,520000,520000
1652269012.9864,544000,544000
1652269013.0058,544000,544000
1652269013.0244,544000,544000
1652269013.0416,544000,544000
1652269013.0605,544000,544000
1652269013.0754,544000,544000
1652269013.0943,536000,536000
1652269013.1115,544000,544000
1652269013.1299,544000,544000
1652269013.1489,536000,536000
1652269013.1618,544000,544000
1652269013.1821,544000,544000
1652269013.1989,544000,544000
1652269013.2182,544000,544000
1652269013.2360,544000,544000
1652269013.2491,544000,544000
1652269013.2690,536000,536000
1652269013.2867,544000,544000
1652269013.3062,536000,536000
1652269013.3235,536000,536000
1652269013.3348,544000,544000
1652269013.3555,536000,536000
1652269013.3715,544000,544000
1652269013.3903,536000,536000
1652269013.4745,384000,384000
1652269013.4836,408000,408000
1652269013.4898,448000,448000
1652269013.4960,472000,472000
1652269013.5027,488000,488000
1652269013.5107,488000,488000
1652269013.5171,512000,512000
1652269013.5320,528000,528000
1652269013.5461,528000,528000
1652269013.5655,528000,528000
1652269013.5824,528000,528000
1652269013.5958,528000,528000
1652269013.6137,536000,536000
1652269013.6334,528000,528000
1652269013.6509,528000,528000
1652269013.6692,696000,696000
1652269013.6780,720000,720000
1652269013.6972,704000,704000
1652269013.7166,688000,688000
1652269013.7339,688000,688000
1652269013.7523,616000,616000
1652269013.7670,568000,568000
1652269013.7858,536000,536000
1652269013.8048,528000,528000
1652269013.8222,536000,536000
1652269013.8410,528000,528000
1652269013.8504,536000,536000
1652269013.8693,528000,528000
1652269013.8875,536000,536000
1652269013.9051,536000,536000
1652269013.9238,536000,536000
1652269013.9321,560000,560000
1652269013.9504,536000,536000
1652269013.9691,536000,536000
1652269013.9875,536000,536000
1652269014.0062,528000,528000
1652269014.0132,552000,552000
1652269014.0306,544000,544000
1652269014.0498,544000,544000
1652269014.0671,544000,544000
1652269014.0858,520000,520000
1652269014.0947,568000,568000
1652269014.1124,552000,552000
1652269014.1330,544000,544000
1652269014.1490,552000,552000
1652269014.1678,528000,528000
1652269014.1805,568000,568000
1652269014.2156,512000,512000
1652269014.2353,512000,512000
1652269014.2526,512000,512000
1652269014.2701,536000,536000
1652269014.2831,512000,512000
1652269014.3021,512000,512000
1652269014.3204,520000,520000
1652269014.3389,536000,536000
1652269014.3563,504000,504000
1652269014.3732,504000,504000
1652269014.3906,512000,512000
1652269014.4088,504000,504000
1652269014.4316,512000,512000
1652269014.4455,504000,504000
1652269014.4593,544000,544000
1652269014.4786,544000,544000
1652269014.4978,544000,544000
1652269014.5153,544000,544000
1652269014.5340,552000,552000
1652269014.5546,504000,504000
1652269014.5610,536000,536000
1652269014.5774,536000,536000
1652269014.5966,536000,536000
1652269014.6143,552000,552000
1652269014.6329,528000,528000
1652269014.6413,544000,544000
1652269014.6597,544000,544000
1652269014.6811,552000,552000
1652269014.6963,560000,560000
1652269014.7147,520000,520000
1652269014.7231,544000,544000
1652269014.7416,544000,544000
1652269014.7608,544000,544000
1652269014.7813,544000,544000
1652269014.7975,512000,512000
1652269014.8054,576000,576000
1652269014.8249,544000,544000
1652269014.8432,544000,544000
1652269014.8609,544000,544000
1652269014.8805,512000,512000
1652269014.8901,560000,560000
1652269014.9086,528000,528000
1652269014.9264,544000,544000
1652269014.9601,504000,504000
1652269014.9776,512000,512000
1652269014.9904,496000,496000
1652269015.0080,504000,504000
1652269015.0264,504000,504000
1652269015.0487,528000,528000
1652269015.0628,536000,536000
1652269015.0817,488000,488000
1652269015.0883,512000,512000
1652269015.1053,512000,512000
1652269015.1241,512000,512000
1652269015.1415,544000,544000
1652269015.1618,512000,512000
1652269015.1799,512000,512000
1652269015.1995,544000,544000
1652269015.2159,552000,552000
1652269015.2337,568000,568000
1652269015.2599,528000,528000
1652269015.2670,536000,536000
1652269015.2853,536000,536000
1652269015.2981,552000,552000
1652269015.3165,552000,552000
1652269015.3360,568000,568000
1652269015.3511,552000,552000
1652269015.3700,544000,544000
1652269015.3926,544000,544000
1652269015.4065,544000,544000
1652269015.4237,536000,536000
1652269015.4340,544000,544000
1652269015.4533,552000,552000
1652269015.4716,544000,544000
1652269015.4902,544000,544000
1652269015.5080,560000,560000
1652269015.5203,568000,568000
1652269015.5395,560000,560000
1652269015.5569,544000,544000
1652269015.5762,544000,544000
1652269015.5933,536000,536000
1652269015.6022,552000,552000
1652269015.6216,552000,552000
1652269015.6390,552000,552000
1652269015.6577,552000,552000
1652269015.6752,536000,536000
1652269015.6944,520000,520000
1652269015.7144,520000,520000
1652269015.7323,520000,520000
1652269015.7496,520000,520000
1652269015.7682,512000,512000
1652269015.7752,520000,520000
1652269015.7940,520000,520000
1652269015.8164,512000,512000
1652269015.8309,520000,520000
1652269015.8485,504000,504000
1652269015.8558,528000,528000
1652269015.8728,512000,512000
1652269015.8912,512000,512000
1652269015.9107,512000,512000
1652269015.9302,544000,544000
1652269015.9502,536000,536000
1652269015.9673,544000,544000
1652269015.9863,544000,544000
1652269016.0036,504000,504000
1652269016.0104,528000,528000
1652269016.0305,560000,560000
1652269016.0470,536000,536000
1652269016.0664,536000,536000
1652269016.0818,544000,544000
1652269016.1010,568000,568000
1652269016.1190,544000,544000
1652269016.1374,536000,536000
1652269016.1604,528000,528000
1652269016.1798,528000,528000
1652269016.1979,536000,536000
1652269016.2154,536000,536000
1652269016.2339,536000,536000
1652269016.2514,536000,536000
1652269016.2703,544000,544000
1652269016.2876,552000,552000
1652269016.3070,504000,504000
1652269016.3137,544000,544000
1652269016.3291,552000,552000
1652269016.3487,544000,544000
1652269016.3656,544000,544000
1652269016.3857,544000,544000
1652269016.4128,536000,536000
1652269016.4286,536000,536000
1652269016.4460,520000,520000
1652269016.4597,536000,536000
1652269016.4787,536000,536000
1652269016.4965,536000,536000
1652269016.5153,528000,528000
1652269016.5286,536000,536000
1652269016.5476,536000,536000
1652269016.5667,568000,568000
1652269016.5839,536000,536000
1652269016.6041,536000,536000
1652269016.6227,536000,536000
1652269016.6422,536000,536000
1652269016.6596,552000,552000
1652269016.6796,504000,504000
1652269016.6858,536000,536000
1652269016.7001,560000,560000
1652269016.7194,544000,544000
1652269016.7415,552000,552000
1652269016.7586,512000,512000
1652269016.7657,544000,544000
1652269016.7875,520000,520000
1652269016.8009,536000,536000
1652269016.8182,536000,536000
1652269016.8369,504000,504000
1652269016.8444,528000,528000
1652269016.8601,536000,536000
1652269016.8780,536000,536000
1652269016.8975,536000,536000
1652269016.9125,520000,520000
1652269016.9251,536000,536000
1652269016.9460,576000,576000
1652269016.9630,536000,536000
1652269016.9810,544000,544000
1652269017.0002,520000,520000
1652269017.0085,576000,576000
1652269017.0256,560000,560000
1652269017.0440,568000,568000
1652269017.0629,552000,552000
1652269017.0805,528000,528000
1652269017.0914,584000,584000
1652269017.1107,560000,560000
1652269017.1310,544000,544000
1652269017.1487,552000,552000
1652269017.1682,536000,536000
1652269017.1781,552000,552000
1652269017.1958,544000,544000
1652269017.2146,544000,544000
1652269017.2320,544000,544000
1652269017.2512,528000,528000
1652269017.2611,544000,544000
1652269017.2786,520000,520000
1652269017.2969,520000,520000
1652269017.3148,520000,520000
1652269017.3349,544000,544000
1652269017.3536,528000,528000
1652269017.3731,528000,528000
1652269017.3933,528000,528000
1652269017.4118,520000,520000
1652269017.4299,552000,552000
1652269017.4471,528000,528000
1652269017.4666,520000,520000
1652269017.4828,520000,520000
1652269017.5014,560000,560000
1652269017.5182,552000,552000
1652269017.5390,544000,544000
1652269017.5564,544000,544000
1652269017.5755,544000,544000
1652269017.5962,544000,544000
1652269017.6135,528000,528000
1652269017.6249,544000,544000
1652269017.6448,544000,544000
1652269017.6637,544000,544000
1652269017.6808,544000,544000
1652269017.6967,544000,544000
1652269017.7159,560000,560000
1652269017.7334,552000,552000
1652269017.7527,552000,552000
1652269017.7707,544000,544000
1652269017.7898,552000,552000
1652269017.8072,552000,552000
1652269017.8268,536000,536000
1652269017.8393,552000,552000
1652269017.8591,552000,552000
1652269017.8794,568000,568000
1652269017.8958,552000,552000
1652269017.9148,544000,544000
1652269017.9357,544000,544000
1652269017.9536,544000,544000
1652269017.9730,512000,512000
1652269017.9864,528000,528000
1652269018.0021,536000,536000
1652269018.0199,536000,536000
1652269018.0390,528000,528000
1652269018.0571,528000,528000
1652269018.0779,536000,536000
1652269018.0944,528000,528000
1652269018.1144,520000,520000
1652269018.1276,528000,528000
1652269018.1461,536000,536000
1652269018.1650,536000,536000
1652269018.1824,528000,528000
1652269018.1990,536000,536000
1652269018.2167,536000,536000
1652269018.2358,560000,560000
1652269018.2532,544000,544000
1652269018.2696,544000,544000
1652269018.2899,552000,552000
1652269018.3073,552000,552000
1652269018.3263,544000,544000
1652269018.3442,536000,536000
1652269018.3627,552000,552000
1652269018.3810,544000,544000
1652269018.4052,536000,536000
1652269018.4187,536000,536000
1652269018.4361,552000,552000
1652269018.4556,544000,544000
1652269018.4730,536000,536000
1652269018.4935,536000,536000
1652269018.5096,544000,544000
1652269018.5289,536000,536000
1652269018.5477,536000,536000
1652269018.5665,536000,536000
1652269018.5894,536000,536000
1652269018.6039,544000,544000
1652269018.6216,544000,544000
1652269018.6389,544000,544000
1652269018.6596,544000,544000
1652269018.6757,552000,552000
1652269018.6956,536000,536000
1652269018.7132,544000,544000
1652269018.7333,544000,544000
1652269018.7496,552000,552000
1652269018.7689,544000,544000
1652269018.7866,520000,520000
1652269018.7953,536000,536000
1652269018.8150,536000,536000
1652269018.8325,544000,544000
1652269018.8563,544000,544000
1652269018.8694,512000,512000
1652269018.8764,536000,536000
1652269018.8957,528000,528000
1652269018.9138,536000,536000
1652269018.9319,528000,528000
1652269018.9508,504000,504000
1652269018.9576,536000,536000
1652269018.9749,536000,536000
1652269018.9921,536000,536000
1652269019.0108,536000,536000
1652269019.0294,536000,536000
1652269019.0473,568000,568000
1652269019.0662,544000,544000
1652269019.0839,544000,544000
1652269019.1039,504000,504000
1652269019.1111,536000,536000
1652269019.1239,576000,576000
1652269019.1438,552000,552000
1652269019.1608,552000,552000
1652269019.1801,512000,512000
1652269019.1870,536000,536000
1652269019.2018,576000,576000
1652269019.2209,552000,552000
1652269019.2415,544000,544000
1652269019.2570,544000,544000
1652269019.2745,544000,544000
1652269019.2920,544000,544000
1652269019.3101,552000,552000
1652269019.3275,552000,552000
1652269019.3464,528000,528000
1652269019.3547,592000,592000
1652269019.3729,560000,560000
1652269019.3919,552000,552000
1652269019.4127,544000,544000
1652269019.4284,568000,568000
1652269019.4411,576000,576000
1652269019.4580,552000,552000
1652269019.4780,544000,544000
1652269019.4946,560000,560000
1652269019.5140,520000,520000
1652269019.5211,544000,544000
1652269019.5364,552000,552000
1652269019.5557,544000,544000
1652269019.5730,544000,544000
1652269019.5920,528000,528000
1652269019.6017,568000,568000
1652269019.6216,544000,544000
1652269019.6394,544000,544000
1652269019.6572,544000,544000
1652269019.6756,512000,512000
1652269019.6853,552000,552000
1652269019.6998,552000,552000
1652269019.7185,544000,544000
1652269019.7358,552000,552000
1652269019.7574,536000,536000
1652269019.7771,576000,576000
1652269019.7953,544000,544000
1652269019.8131,544000,544000
1652269019.8302,544000,544000
1652269019.8504,560000,560000
1652269019.8673,544000,544000
1652269019.8876,544000,544000
1652269019.9037,512000,512000
1652269019.9114,528000,528000
1652269019.9298,568000,568000
1652269019.9463,552000,552000
1652269019.9658,536000,536000
1652269019.9825,544000,544000
1652269020.0006,544000,544000
1652269020.0201,552000,552000
1652269020.0372,544000,544000
1652269020.0532,544000,544000
1652269020.0723,552000,552000
1652269020.0908,544000,544000
1652269020.1085,536000,536000
1652269020.1220,544000,544000
1652269020.1414,544000,544000
1652269020.1587,576000,576000
1652269020.1774,544000,544000
1652269020.1926,552000,552000
1652269020.2126,544000,544000
1652269020.2295,552000,552000
1652269020.2489,528000,528000
1652269020.2600,544000,544000
1652269020.2788,544000,544000
1652269020.2976,552000,552000
1652269020.3154,536000,536000
1652269020.3363,536000,536000
1652269020.3564,528000,528000
1652269020.3743,544000,544000
1652269020.3914,528000,528000
1652269020.4043,544000,544000
1652269020.4233,536000,536000
1652269020.4412,552000,552000
1652269020.4607,536000,536000
1652269020.4796,536000,536000
1652269020.5005,552000,552000
1652269020.5224,528000,528000
1652269020.5362,528000,528000
1652269020.5504,536000,536000
1652269020.5683,544000,544000
1652269020.5871,544000,544000
1652269020.6052,544000,544000
1652269020.6192,552000,552000
1652269020.6379,552000,552000
1652269020.6560,560000,560000
1652269020.7203,440000,440000
1652269020.7272,464000,464000
1652269020.7331,488000,488000
1652269020.7408,520000,520000
1652269020.7498,536000,536000
1652269020.7612,552000,552000
1652269020.7793,560000,560000
1652269020.7999,552000,552000
1652269020.8165,536000,536000
1652269020.8328,544000,544000
1652269020.8548,544000,544000
1652269020.8766,536000,536000
1652269020.8892,536000,536000
1652269020.9055,544000,544000
1652269020.9244,680000,680000
1652269020.9422,672000,672000
1652269020.9620,648000,648000
1652269020.9780,648000,648000
1652269020.9974,592000,592000
1652269021.0136,560000,560000
1652269021.0320,536000,536000
1652269021.0479,544000,544000
1652269021.0663,552000,552000
1652269021.0856,544000,544000
1652269021.1079,536000,536000
1652269021.1270,528000,528000
1652269021.1391,536000,536000
1652269021.1538,552000,552000
1652269021.1727,528000,528000
1652269021.1898,536000,536000
1652269021.2090,528000,528000
1652269021.2263,544000,544000
1652269021.2467,520000,520000
1652269021.2572,536000,536000
1652269021.2756,536000,536000
1652269021.2949,544000,544000
1652269021.3127,528000,528000
1652269021.3282,544000,544000
1652269021.3461,544000,544000
1652269021.3652,552000,552000
1652269021.3832,552000,552000
1652269021.4011,544000,544000
1652269021.4175,536000,536000
1652269021.4395,544000,544000
1652269021.4565,536000,536000
1652269021.4707,544000,544000
1652269021.4900,544000,544000
1652269021.5083,560000,560000
1652269021.5258,536000,536000
1652269021.5436,536000,536000
1652269021.5672,544000,544000
1652269021.5816,536000,536000
1652269021.6000,536000,536000
1652269021.6167,504000,504000
1652269021.6232,528000,528000
1652269021.6404,544000,544000
1652269021.6605,536000,536000
1652269021.6773,528000,528000
1652269021.6912,544000,544000
1652269021.7116,552000,552000
1652269021.7274,544000,544000
1652269021.7464,536000,536000
1652269021.7588,544000,544000
1652269021.7814,544000,544000
1652269021.7960,552000,552000
1652269021.8150,528000,528000
1652269021.8283,544000,544000
1652269021.8489,536000,536000
1652269021.8662,544000,544000
1652269021.8834,536000,536000
1652269021.8988,544000,544000
1652269021.9233,528000,528000
1652269021.9315,560000,560000
1652269021.9504,528000,528000
1652269021.9665,536000,536000
1652269021.9853,528000,528000
1652269022.0066,544000,544000
1652269022.0200,512000,512000
1652269022.0294,536000,536000
1652269022.0471,528000,528000
1652269022.0657,552000,552000
1652269022.0831,520000,520000
1652269022.1038,520000,520000
1652269022.1136,536000,536000
1652269022.1296,536000,536000
1652269022.1565,504000,504000
1652269022.1664,544000,544000
1652269022.1845,544000,544000
1652269022.2050,536000,536000
1652269022.2228,504000,504000
1652269022.2295,536000,536000
1652269022.2477,536000,536000
1652269022.2657,536000,536000
1652269022.2846,520000,520000
1652269022.2915,528000,528000
1652269022.3116,520000,520000
1652269022.3285,528000,528000
1652269022.3467,512000,512000
1652269022.3534,544000,544000
1652269022.3708,528000,528000
1652269022.3874,520000,520000
1652269022.4062,528000,528000
1652269022.4171,552000,552000
1652269022.4362,528000,528000
1652269022.4539,536000,536000
1652269022.4730,528000,528000
1652269022.4790,552000,552000
1652269022.4952,536000,536000
1652269022.5142,528000,528000
1652269022.5309,504000,504000
1652269022.5394,560000,560000
1652269022.5588,536000,536000
1652269022.5790,528000,528000
1652269022.5943,504000,504000
1652269022.6043,560000,560000
1652269022.6197,544000,544000
1652269022.6390,528000,528000
1652269022.6563,536000,536000
1652269022.6677,552000,552000
1652269022.6886,528000,528000
1652269022.7044,536000,536000
1652269022.7233,536000,536000
1652269022.7294,568000,568000
1652269022.7474,536000,536000
1652269022.7660,536000,536000
1652269022.7837,536000,536000
1652269022.7906,560000,560000
1652269022.8216,512000,512000
1652269022.8280,536000,536000
1652269022.8467,528000,528000
1652269022.8541,552000,552000
1652269022.8703,544000,544000
1652269022.8895,536000,536000
1652269022.9068,536000,536000
1652269022.9178,552000,552000
1652269022.9347,544000,544000
1652269022.9523,544000,544000
1652269022.9709,536000,536000
1652269022.9794,560000,560000
1652269022.9979,528000,528000
1652269023.0163,528000,528000
1652269023.0339,528000,528000
1652269023.0406,560000,560000
1652269023.0598,560000,560000
1652269023.0782,560000,560000
1652269023.0967,552000,552000
1652269023.1111,560000,560000
1652269023.1289,536000,536000
1652269023.1480,536000,536000
1652269023.1653,536000,536000
1652269023.1773,536000,536000
1652269023.1942,536000,536000
1652269023.2133,536000,536000
1652269023.2307,552000,552000
1652269023.2420,544000,544000
1652269023.2627,544000,544000
1652269023.2807,544000,544000
1652269023.2992,552000,552000
1652269023.3133,528000,528000
1652269023.3297,536000,536000
1652269023.3505,552000,552000
1652269023.3668,528000,528000
1652269023.3788,536000,536000
1652269023.3970,544000,544000
1652269023.4153,560000,560000
1652269023.4346,544000,544000
1652269023.4519,512000,512000
1652269023.4617,528000,528000
1652269023.4802,544000,544000
1652269023.4984,536000,536000
1652269023.5173,520000,520000
1652269023.5281,536000,536000
1652269023.5478,552000,552000
1652269023.5653,544000,544000
1652269023.5841,528000,528000
1652269023.5987,544000,544000
1652269023.6161,544000,544000
1652269023.6367,544000,544000
1652269023.6531,536000,536000
1652269023.6695,536000,536000
1652269023.6881,536000,536000
1652269023.7071,568000,568000
1652269023.7246,544000,544000
1652269023.7452,544000,544000
1652269023.7635,544000,544000
1652269023.7814,560000,560000
1652269023.7999,528000,528000
1652269023.8133,544000,544000
1652269023.8323,544000,544000
1652269023.8491,560000,560000
1652269023.8679,544000,544000
1652269023.8890,544000,544000
1652269023.9085,544000,544000
1652269023.9276,536000,536000
1652269023.9452,528000,528000
1652269023.9618,536000,536000
1652269023.9805,544000,544000
1652269023.9968,552000,552000
1652269024.0150,544000,544000
1652269024.0353,544000,544000
1652269024.0543,552000,552000
1652269024.0715,544000,544000
1652269024.0910,536000,536000
1652269024.1086,536000,536000
1652269024.1288,536000,536000
1652269024.1465,544000,544000
1652269024.1653,536000,536000
1652269024.1829,544000,544000
1652269024.2024,552000,552000
1652269024.2182,552000,552000
1652269024.2599,480000,480000
1652269024.2749,496000,496000
1652269024.2963,488000,488000
1652269024.3115,496000,496000
1652269024.3297,488000,488000
1652269024.3495,496000,496000
1652269024.3880,464000,464000
1652269024.4023,464000,464000
1652269024.4135,480000,480000
1652269024.4276,496000,496000
1652269024.4700,440000,440000
1652269024.4793,456000,456000
1652269024.4878,536000,536000
1652269024.5064,536000,536000
1652269024.5186,552000,552000
1652269024.5358,552000,552000
1652269024.5561,552000,552000
1652269024.5718,512000,512000
1652269024.5802,536000,536000
1652269024.5968,544000,544000
1652269024.6133,544000,544000
1652269024.6310,584000,584000
1652269024.6489,552000,552000
1652269024.6571,568000,568000
1652269024.6751,552000,552000
1652269024.6943,600000,600000
1652269024.7125,600000,600000
1652269024.7312,592000,592000
1652269024.7473,560000,560000
1652269024.7676,560000,560000
1652269024.7845,552000,552000
1652269024.8030,512000,512000
1652269024.8108,536000,536000
1652269024.8257,576000,576000
1652269024.8460,552000,552000
1652269024.8630,552000,552000
1652269024.8862,536000,536000
1652269024.9054,568000,568000
1652269024.9229,544000,544000
1652269024.9430,544000,544000
1652269024.9600,512000,512000
1652269024.9665,536000,536000
1652269025.0224,456000,456000
1652269025.0459,448000,448000
1652269025.0588,488000,488000
1652269025.0801,448000,448000
1652269025.0986,456000,456000
1652269025.1179,448000,448000
1652269025.1366,456000,456000
1652269025.1551,456000,456000
1652269025.1731,456000,456000
1652269025.1922,456000,456000
1652269025.2110,488000,488000
1652269025.2307,464000,464000
1652269025.2517,536000,536000
1652269025.2681,544000,544000
1652269025.2876,536000,536000
1652269025.3077,520000,520000
1652269025.3183,520000,520000
1652269025.3314,544000,544000
1652269025.3501,536000,536000
1652269025.3682,536000,536000
1652269025.3845,512000,512000
1652269025.3912,536000,536000
1652269025.4076,536000,536000
1652269025.4260,544000,544000
1652269025.4458,536000,536000
1652269025.4620,512000,512000
1652269025.4682,536000,536000
1652269025.4870,544000,544000
1652269025.5043,544000,544000
1652269025.5244,536000,536000
1652269025.5407,520000,520000
1652269025.5474,544000,544000
1652269025.5674,576000,576000
1652269025.5847,560000,560000
1652269025.6052,544000,544000
1652269025.6213,528000,528000
1652269025.6362,568000,568000
1652269025.6547,544000,544000
1652269025.6711,544000,544000
1652269025.6895,544000,544000
1652269025.7078,528000,528000
1652269025.7198,576000,576000
1652269025.7473,528000,528000
1652269025.7666,520000,520000
1652269025.7838,528000,528000
1652269025.8016,536000,536000
1652269025.8132,528000,528000
1652269025.8308,536000,536000
1652269025.8502,528000,528000
1652269025.8671,536000,536000
1652269025.8856,528000,528000
1652269025.8976,528000,528000
1652269025.9209,520000,520000
1652269025.9362,520000,520000
1652269025.9545,520000,520000
1652269025.9731,512000,512000
1652269025.9806,520000,520000
1652269025.9990,544000,544000
1652269026.0161,544000,544000
1652269026.0341,544000,544000
1652269026.0521,544000,544000
1652269026.0615,560000,560000
1652269026.0804,544000,544000
1652269026.0991,544000,544000
1652269026.1188,536000,536000
1652269026.1352,544000,544000
1652269026.1474,560000,560000
1652269026.1661,552000,552000
1652269026.1852,552000,552000
1652269026.2035,544000,544000
1652269026.2214,552000,552000
1652269026.2293,568000,568000
1652269026.2486,552000,552000
1652269026.2665,544000,544000
1652269026.2855,544000,544000
1652269026.3042,536000,536000
1652269026.3117,560000,560000
1652269026.3295,544000,544000
1652269026.3541,544000,544000
1652269026.3685,544000,544000
1652269026.3867,520000,520000
1652269026.3941,552000,552000
1652269026.4089,544000,544000
1652269026.4292,544000,544000
1652269026.4467,528000,528000
1652269026.4613,536000,536000
1652269026.4817,552000,552000
1652269026.4978,536000,536000
1652269026.5171,520000,520000
1652269026.5294,536000,536000
1652269026.5486,536000,536000
1652269026.5663,560000,560000
1652269026.5849,536000,536000
1652269026.6049,536000,536000
1652269026.6255,528000,528000
1652269026.6431,576000,576000
1652269026.6608,512000,512000
1652269026.6675,536000,536000
1652269026.6868,544000,544000
1652269026.7041,560000,560000
1652269026.7233,536000,536000
1652269026.7387,544000,544000
1652269026.7581,536000,536000
1652269026.7767,552000,552000
1652269026.7952,520000,520000
1652269026.8049,536000,536000
1652269026.8212,544000,544000
1652269026.8393,544000,544000
1652269026.8571,536000,536000
1652269026.8756,544000,544000
1652269026.8947,536000,536000
1652269026.9120,568000,568000
1652269026.9357,512000,512000
1652269026.9423,528000,528000
1652269026.9580,536000,536000
1652269026.9762,552000,552000
1652269026.9940,528000,528000
1652269027.0094,536000,536000
1652269027.0270,544000,544000
1652269027.0463,568000,568000
1652269027.0633,520000,520000
1652269027.0709,536000,536000
1652269027.0913,528000,528000
1652269027.1075,544000,544000
1652269027.1269,536000,536000
1652269027.1435,536000,536000
1652269027.1614,544000,544000
1652269027.1802,568000,568000
1652269027.1972,544000,544000
1652269027.2099,536000,536000
1652269027.2288,528000,528000
1652269027.2482,544000,544000
1652269027.2652,528000,528000
1652269027.2784,536000,536000
1652269027.2973,536000,536000
1652269027.3154,568000,568000
1652269027.3341,520000,520000
1652269027.3445,544000,544000
1652269027.3625,536000,536000
1652269027.3842,544000,544000
1652269027.4018,528000,528000
1652269027.4148,536000,536000
1652269027.4341,536000,536000
1652269027.4608,552000,552000
1652269027.4707,520000,520000
1652269027.4782,544000,544000
1652269027.5013,536000,536000
1652269027.5152,560000,560000
1652269027.5341,528000,528000
1652269027.5477,544000,544000
1652269027.5659,536000,536000
1652269027.5843,560000,560000
1652269027.6029,536000,536000
1652269027.6161,544000,544000
1652269027.6360,544000,544000
1652269027.6533,560000,560000
1652269027.6721,528000,528000
1652269027.6856,536000,536000
1652269027.7045,536000,536000
1652269027.7780,416000,416000
1652269027.7843,440000,440000
1652269027.7899,464000,464000
1652269027.7956,496000,496000
1652269027.8020,512000,512000
1652269027.8154,496000,496000
1652269027.8219,520000,520000
1652269027.8333,536000,536000
1652269027.8504,544000,544000
1652269027.8689,544000,544000
1652269027.8828,544000,544000
1652269027.9018,544000,544000
1652269027.9206,560000,560000
1652269027.9385,552000,552000
1652269027.9570,520000,520000
1652269027.9652,544000,544000
1652269027.9837,688000,688000
1652269028.0084,656000,656000
1652269028.0348,616000,616000
1652269028.0412,640000,640000
1652269028.0581,584000,584000
1652269028.0704,584000,584000
1652269028.0890,536000,536000
1652269028.0978,536000,536000
1652269028.1157,536000,536000
1652269028.1334,552000,552000
1652269028.1513,528000,528000
1652269028.1673,536000,536000
1652269028.1863,536000,536000
1652269028.2129,560000,560000
1652269028.2227,552000,552000
1652269028.2331,544000,544000
1652269028.2529,552000,552000
1652269028.2707,560000,560000
1652269028.2891,568000,568000
1652269028.3055,552000,552000
1652269028.3246,544000,544000
1652269028.3427,560000,560000
1652269028.3620,520000,520000
1652269028.3702,536000,536000
1652269028.3883,536000,536000
1652269028.4102,536000,536000
1652269028.4252,520000,520000
1652269028.4399,528000,528000
1652269028.4598,536000,536000
1652269028.4778,552000,552000
1652269028.4961,512000,512000
1652269028.5055,536000,536000
1652269028.5252,528000,528000
1652269028.5493,544000,544000
1652269028.5809,488000,488000
1652269028.5897,512000,512000
1652269028.6099,528000,528000
1652269028.6276,528000,528000
1652269028.6490,496000,496000
1652269028.6618,512000,512000
1652269028.6814,520000,520000
1652269028.6996,512000,512000
1652269028.7171,488000,488000
1652269028.7260,504000,504000
1652269028.7470,520000,520000
1652269028.7639,512000,512000
1652269028.7825,496000,496000
1652269028.7973,504000,504000
1652269028.8145,560000,560000
1652269028.8323,560000,560000
1652269028.8563,512000,512000
1652269028.8629,528000,528000
1652269028.8749,544000,544000
1652269028.8935,536000,536000
1652269028.9114,544000,544000
1652269028.9260,536000,536000
1652269028.9460,536000,536000
1652269028.9628,544000,544000
1652269028.9818,544000,544000
1652269028.9927,536000,536000
1652269029.0108,544000,544000
1652269029.0299,536000,536000
1652269029.0493,544000,544000
1652269029.0632,544000,544000
1652269029.0804,544000,544000
1652269029.0992,544000,544000
1652269029.1184,528000,528000
1652269029.1289,544000,544000
1652269029.1478,536000,536000
1652269029.1660,544000,544000
1652269029.1850,528000,528000
1652269029.2006,536000,536000
1652269029.2191,536000,536000
1652269029.2387,560000,560000
1652269029.2555,512000,512000
1652269029.2616,536000,536000
1652269029.2913,520000,520000
1652269029.3105,520000,520000
1652269029.3279,512000,512000
1652269029.3492,504000,504000
1652269029.3675,536000,536000
1652269029.3873,512000,512000
1652269029.4096,488000,488000
1652269029.4159,504000,504000
1652269029.4331,520000,520000
1652269029.4570,520000,520000
1652269029.4691,512000,512000
1652269029.4866,512000,512000
