1652270610.3086,1000,1000
1652270610.3196,1000,1000
1652270610.3301,1000,1000
1652270610.3430,888000,888000
1652270610.3521,944000,944000
1652270610.3637,944000,944000
1652270610.3748,944000,944000
1652270610.3867,928000,928000
1652270610.3967,944000,944000
1652270610.4075,944000,944000
1652270610.4186,944000,944000
1652270610.4291,944000,944000
1652270610.4411,944000,944000
1652270610.4515,944000,944000
1652270610.4626,944000,944000
1652270610.4761,880000,880000
1652270610.4987,824000,824000
1652270610.5104,832000,832000
1652270610.5206,840000,840000
1652270610.5319,840000,840000
1652270610.5427,840000,840000
1652270610.5514,848000,848000
1652270610.5633,856000,856000
1652270610.5785,848000,848000
1652270610.5854,856000,856000
1652270610.5959,856000,856000
1652270610.6060,864000,864000
1652270610.6195,856000,856000
1652270610.6287,856000,856000
1652270610.6399,856000,856000
1652270610.6518,824000,824000
1652270610.6573,832000,832000
1652270610.6647,848000,848000
1652270610.6756,848000,848000
1652270610.6885,840000,840000
1652270610.6970,848000,848000
1652270610.7082,848000,848000
1652270610.7192,840000,840000
1652270610.7299,888000,888000
1652270610.7411,856000,856000
1652270610.7458,920000,920000
1652270610.7553,920000,920000
1652270610.7656,928000,928000
1652270610.7801,912000,912000
1652270610.7893,896000,896000
1652270610.8147,840000,840000
1652270610.8251,840000,840000
1652270610.8365,848000,848000
1652270610.8473,840000,840000
1652270610.8600,824000,824000
1652270610.8657,840000,840000
1652270610.8768,840000,840000
1652270610.8895,832000,832000
1652270610.8988,840000,840000
1652270610.9116,840000,840000
1652270610.9167,856000,856000
1652270610.9235,856000,856000
1652270610.9335,840000,840000
1652270610.9444,848000,848000
1652270610.9549,856000,856000
1652270610.9671,840000,840000
1652270610.9782,840000,840000
1652270610.9898,840000,840000
1652270610.9995,848000,848000
1652270611.0046,872000,872000
1652270611.0151,840000,840000
1652270611.0280,832000,832000
1652270611.0373,848000,848000
1652270611.0478,848000,848000
1652270611.0545,864000,864000
1652270611.0658,920000,920000
1652270611.0761,920000,920000
1652270611.0874,920000,920000
1652270611.0975,888000,888000
1652270611.1020,912000,912000
1652270611.1119,920000,920000
1652270611.1231,944000,944000
1652270611.1339,888000,888000
1652270611.1385,912000,912000
1652270611.1487,920000,920000
1652270611.1602,912000,912000
1652270611.1713,928000,928000
1652270611.1768,944000,944000
1652270611.1878,912000,912000
1652270611.1956,920000,920000
1652270611.2075,920000,920000
1652270611.2285,880000,880000
1652270611.2398,880000,880000
1652270611.2512,880000,880000
1652270611.2621,896000,896000
1652270611.2848,832000,832000
1652270611.2959,832000,832000
1652270611.3059,856000,856000
1652270611.3168,832000,832000
1652270611.3276,832000,832000
1652270611.3389,824000,824000
1652270611.3482,832000,832000
1652270611.3590,856000,856000
1652270611.3701,824000,824000
1652270611.3809,824000,824000
1652270611.3924,848000,848000
1652270611.4045,832000,832000
1652270611.4137,800000,800000
1652270611.4202,824000,824000
1652270611.4302,848000,848000
1652270611.4405,840000,840000
1652270611.4512,824000,824000
1652270611.4608,824000,824000
1652270611.4700,824000,824000
1652270611.4818,864000,864000
1652270611.4943,848000,848000
1652270611.5003,864000,864000
1652270611.5113,864000,864000
1652270611.5223,880000,880000
1652270611.5333,912000,912000
1652270611.5439,920000,920000
1652270611.5548,912000,912000
1652270611.5657,912000,912000
1652270611.5771,912000,912000
1652270611.5870,920000,920000
1652270611.5978,920000,920000
1652270611.6088,920000,920000
1652270611.6201,920000,920000
1652270611.6317,920000,920000
1652270611.6437,912000,912000
1652270611.6558,912000,912000
1652270611.6648,912000,912000
1652270611.6791,920000,920000
1652270611.6923,896000,896000
1652270611.7013,896000,896000
1652270611.7118,912000,912000
1652270611.7253,896000,896000
1652270611.7341,904000,904000
1652270611.7451,904000,904000
1652270611.7559,920000,920000
1652270611.7679,896000,896000
1652270611.7781,896000,896000
1652270611.7896,904000,904000
1652270611.8000,896000,896000
1652270611.8108,864000,864000
1652270611.8254,856000,856000
1652270611.8364,864000,864000
1652270611.8481,856000,856000
1652270611.8602,840000,840000
1652270611.8797,824000,824000
1652270611.8913,816000,816000
1652270611.9021,824000,824000
1652270611.9131,824000,824000
1652270611.9240,824000,824000
1652270611.9356,832000,832000
1652270611.9464,840000,840000
1652270611.9574,848000,848000
1652270611.9682,800000,800000
1652270611.9797,808000,808000
1652270611.9921,816000,816000
1652270612.0041,792000,792000
1652270612.0126,808000,808000
1652270612.0239,784000,784000
1652270612.0317,800000,800000
1652270612.0416,800000,800000
1652270612.0522,800000,800000
1652270612.0634,800000,800000
1652270612.0743,792000,792000
1652270612.0796,824000,824000
1652270612.0867,848000,848000
1652270612.0985,840000,840000
1652270612.1078,848000,848000
1652270612.1185,824000,824000
1652270612.1250,840000,840000
1652270612.1324,880000,880000
1652270612.1440,880000,880000
1652270612.1548,888000,888000
1652270612.1651,848000,848000
1652270612.1704,872000,872000
1652270612.1790,888000,888000
1652270612.1901,888000,888000
1652270612.2023,880000,880000
1652270612.2123,856000,856000
1652270612.2183,872000,872000
1652270612.2270,904000,904000
1652270612.2397,904000,904000
1652270612.2499,912000,912000
1652270612.2628,912000,912000
1652270612.2742,896000,896000
1652270612.2854,920000,920000
1652270612.2960,912000,912000
1652270612.3068,872000,872000
1652270612.3120,896000,896000
1652270612.3219,896000,896000
1652270612.3401,936000,936000
1652270612.3502,880000,880000
1652270612.3559,872000,872000
1652270612.3636,888000,888000
1652270612.3723,888000,888000
1652270612.3809,936000,936000
1652270612.3925,904000,904000
1652270612.4022,880000,880000
1652270612.4079,904000,904000
1652270612.4194,904000,904000
1652270612.4290,936000,936000
1652270612.4417,904000,904000
1652270612.4562,872000,872000
1652270612.4620,880000,880000
1652270612.4922,824000,824000
1652270612.4976,840000,840000
1652270612.5024,864000,864000
1652270612.5080,848000,848000
1652270612.5127,872000,872000
1652270612.5258,872000,872000
1652270612.5327,888000,888000
1652270612.5434,888000,888000
1652270612.5566,848000,848000
1652270612.5630,896000,896000
1652270612.5738,880000,880000
1652270612.5821,888000,888000
1652270612.5936,888000,888000
1652270612.6036,888000,888000
1652270612.6225,856000,856000
1652270612.6335,848000,848000
1652270612.6435,840000,840000
1652270612.6550,848000,848000
1652270612.6773,800000,800000
1652270612.6885,800000,800000
1652270612.7004,800000,800000
1652270612.7107,840000,840000
1652270612.7244,816000,816000
1652270612.7393,872000,872000
1652270612.7466,888000,888000
1652270612.7586,880000,880000
1652270612.7921,760000,760000
1652270612.7983,760000,760000
1652270612.8033,776000,776000
1652270612.8086,800000,800000
1652270612.8166,808000,808000
1652270612.8237,832000,832000
1652270612.8306,816000,816000
1652270612.8394,832000,832000
1652270612.8515,800000,800000
1652270612.8618,824000,824000
1652270612.8724,856000,856000
1652270612.8830,856000,856000
1652270612.8934,856000,856000
1652270612.9039,848000,848000
1652270612.9208,840000,840000
1652270612.9276,888000,888000
1652270612.9379,888000,888000
1652270612.9474,896000,896000
1652270612.9626,880000,880000
1652270612.9720,888000,888000
1652270612.9806,896000,896000
1652270612.9920,912000,912000
1652270613.0020,912000,912000
1652270613.0115,904000,904000
1652270613.0224,912000,912000
1652270613.0338,992000,992000
1652270613.0449,992000,992000
1652270613.0559,984000,984000
1652270613.0668,936000,936000
1652270613.0756,952000,952000
1652270613.0910,904000,904000
1652270613.0980,912000,912000
1652270613.1092,912000,912000
1652270613.1177,920000,920000
1652270613.1298,912000,912000
1652270613.1407,912000,912000
1652270613.1523,896000,896000
1652270613.1603,912000,912000
1652270613.1719,928000,928000
1652270613.1826,928000,928000
1652270613.1937,904000,904000
1652270613.2054,904000,904000
1652270613.2167,912000,912000
1652270613.2319,888000,888000
1652270613.2402,880000,880000
1652270613.2456,904000,904000
1652270613.2622,880000,880000
1652270613.2672,904000,904000
1652270613.3018,808000,808000
1652270613.3120,808000,808000
1652270613.3275,808000,808000
1652270613.3329,816000,816000
1652270613.3443,840000,840000
1652270613.3551,816000,816000
1652270613.3625,816000,816000
1652270613.3740,824000,824000
1652270613.3841,816000,816000
1652270613.3949,808000,808000
1652270613.4028,816000,816000
1652270613.4129,840000,840000
1652270613.4229,832000,832000
1652270613.4338,816000,816000
1652270613.4427,824000,824000
1652270613.4591,808000,808000
1652270613.4664,824000,824000
1652270613.4759,816000,816000
1652270613.4861,832000,832000
1652270613.4957,840000,840000
1652270613.5066,856000,856000
1652270613.5177,856000,856000
1652270613.5284,816000,816000
1652270613.5341,904000,904000
1652270613.5423,912000,912000
1652270613.5555,904000,904000
1652270613.5663,896000,896000
1652270613.5716,912000,912000
1652270613.5857,920000,920000
1652270613.5941,904000,904000
1652270613.6049,896000,896000
1652270613.6140,928000,928000
1652270613.6254,912000,912000
1652270613.6362,912000,912000
1652270613.6474,912000,912000
1652270613.6601,920000,920000
1652270613.6716,904000,904000
1652270613.6821,904000,904000
1652270613.6928,904000,904000
1652270613.7043,896000,896000
1652270613.7414,832000,832000
1652270613.7498,824000,824000
1652270613.7587,816000,816000
1652270613.7692,816000,816000
1652270613.7810,816000,816000
1652270613.7911,856000,856000
1652270613.8023,824000,824000
1652270613.8128,832000,832000
1652270613.8247,848000,848000
1652270613.8339,824000,824000
1652270613.8456,832000,832000
1652270613.8570,824000,824000
1652270613.8678,832000,832000
1652270613.8790,832000,832000
1652270613.8914,824000,824000
1652270613.9013,792000,792000
1652270613.9064,808000,808000
1652270613.9218,808000,808000
1652270613.9271,824000,824000
1652270613.9474,792000,792000
1652270613.9527,816000,816000
1652270613.9642,816000,816000
1652270613.9722,904000,904000
1652270613.9831,912000,912000
1652270613.9934,888000,888000
1652270613.9985,904000,904000
1652270614.0086,912000,912000
1652270614.0238,904000,904000
1652270614.0313,912000,912000
1652270614.0408,912000,912000
1652270614.0527,912000,912000
1652270614.0636,920000,920000
1652270614.0746,920000,920000
1652270614.0860,888000,888000
1652270614.0942,896000,896000
1652270614.1018,912000,912000
1652270614.1143,904000,904000
1652270614.1269,904000,904000
1652270614.1340,880000,880000
1652270614.1414,896000,896000
1652270614.1555,896000,896000
1652270614.1637,936000,936000
1652270614.1949,872000,872000
1652270614.2059,840000,840000
1652270614.2113,856000,856000
1652270614.2229,840000,840000
1652270614.2307,848000,848000
1652270614.2419,840000,840000
1652270614.2536,832000,832000
1652270614.2590,856000,856000
1652270614.2705,824000,824000
1652270614.2790,848000,848000
1652270614.2901,840000,840000
1652270614.3042,792000,792000
1652270614.3101,808000,808000
1652270614.3250,792000,792000
1652270614.3321,808000,808000
1652270614.3394,824000,824000
1652270614.3485,824000,824000
1652270614.3539,832000,832000
1652270614.3650,816000,816000
1652270614.3735,832000,832000
1652270614.3846,840000,840000
1652270614.3954,816000,816000
1652270614.4010,840000,840000
1652270614.4119,832000,832000
1652270614.4209,848000,848000
1652270614.4306,896000,896000
1652270614.4420,904000,904000
1652270614.4558,896000,896000
1652270614.4639,944000,944000
1652270614.4750,920000,920000
1652270614.4871,880000,880000
1652270614.4926,888000,888000
1652270614.4998,904000,904000
1652270614.5139,920000,920000
1652270614.5218,912000,912000
1652270614.5334,888000,888000
1652270614.5385,896000,896000
1652270614.5493,896000,896000
1652270614.5604,936000,936000
1652270614.5715,928000,928000
1652270614.5821,904000,904000
1652270614.5874,928000,928000
1652270614.5982,896000,896000
1652270614.6064,936000,936000
1652270614.6199,904000,904000
1652270614.6503,824000,824000
1652270614.6610,864000,864000
1652270614.6721,840000,840000
1652270614.6830,832000,832000
1652270614.6949,832000,832000
1652270614.7111,816000,816000
1652270614.7169,840000,840000
1652270614.7268,832000,832000
1652270614.7367,840000,840000
1652270614.7500,864000,864000
1652270614.7591,840000,840000
1652270614.7704,848000,848000
1652270614.7844,832000,832000
1652270614.7960,848000,848000
1652270614.8053,832000,832000
1652270614.8169,832000,832000
1652270614.8420,800000,800000
1652270614.8480,816000,816000
1652270614.8530,816000,816000
1652270614.8586,840000,840000
1652270614.8681,832000,832000
1652270614.8780,816000,816000
1652270614.8836,840000,840000
1652270614.8998,888000,888000
1652270614.9054,912000,912000
1652270614.9143,904000,904000
1652270614.9254,912000,912000
1652270614.9376,904000,904000
1652270614.9467,912000,912000
1652270614.9578,920000,920000
1652270614.9706,896000,896000
1652270614.9762,912000,912000
1652270614.9881,888000,888000
1652270614.9938,904000,904000
1652270615.0047,912000,912000
1652270615.0154,880000,880000
1652270615.0218,896000,896000
1652270615.0332,896000,896000
1652270615.0427,904000,904000
1652270615.0540,904000,904000
1652270615.0643,904000,904000
1652270615.0974,896000,896000
1652270615.1102,872000,872000
1652270615.1203,856000,856000
1652270615.1302,832000,832000
1652270615.1421,856000,856000
1652270615.1529,848000,848000
1652270615.1630,856000,856000
1652270615.1741,808000,808000
1652270615.1801,832000,832000
1652270615.2618,568000,568000
1652270615.2680,600000,600000
1652270615.2755,640000,640000
1652270615.2812,648000,648000
1652270615.2880,632000,632000
1652270615.2938,656000,656000
1652270615.3003,664000,664000
1652270615.3062,696000,696000
1652270615.3152,704000,704000
1652270615.3223,712000,712000
1652270615.3286,728000,728000
1652270615.3370,808000,808000
1652270615.3426,824000,824000
1652270615.3558,792000,792000
1652270615.3623,816000,816000
1652270615.3687,832000,832000
1652270615.3762,848000,848000
1652270615.3819,864000,864000
1652270615.3918,840000,840000
1652270615.3977,856000,856000
1652270615.4048,880000,880000
1652270615.4109,896000,896000
1652270615.4199,896000,896000
1652270615.4307,896000,896000
1652270615.4370,912000,912000
1652270615.4459,904000,904000
1652270615.4568,1232000,1232000
1652270615.4669,1224000,1224000
1652270615.4777,1160000,1160000
1652270615.4842,1176000,1176000
1652270615.5012,1136000,1136000
1652270615.5078,1152000,1152000
1652270615.5151,1152000,1152000
1652270615.5479,1008000,1008000
1652270615.5545,1008000,1008000
1652270615.5677,944000,944000
1652270615.5748,960000,960000
1652270615.5869,944000,944000
1652270615.5966,888000,888000
1652270615.6102,896000,896000
1652270615.6169,920000,920000
1652270615.6301,880000,880000
1652270615.6360,880000,880000
1652270615.6458,848000,848000
1652270615.6519,888000,888000
1652270615.6631,872000,872000
1652270615.6740,840000,840000
1652270615.6845,832000,832000
1652270615.6958,832000,832000
1652270615.7021,840000,840000
1652270615.7181,808000,808000
1652270615.7249,824000,824000
1652270615.7352,864000,864000
1652270615.7454,824000,824000
1652270615.7520,856000,856000
1652270615.7645,856000,856000
1652270615.7734,848000,848000
1652270615.7848,936000,936000
1652270615.7953,912000,912000
1652270615.8045,928000,928000
1652270615.8175,904000,904000
1652270615.8244,920000,920000
1652270615.8362,912000,912000
1652270615.8465,904000,904000
1652270615.8571,936000,936000
1652270615.8692,944000,944000
1652270615.8795,928000,928000
1652270615.8908,928000,928000
1652270615.9009,904000,904000
1652270615.9106,920000,920000
1652270615.9316,872000,872000
1652270615.9386,888000,888000
1652270615.9457,896000,896000
1652270615.9573,912000,912000
1652270615.9635,912000,912000
1652270615.9767,920000,920000
1652270616.0050,864000,864000
1652270616.0165,848000,848000
1652270616.0271,856000,856000
1652270616.0382,832000,832000
1652270616.0468,840000,840000
1652270616.0601,856000,856000
1652270616.0690,848000,848000
1652270616.0797,856000,856000
1652270616.0918,840000,840000
1652270616.1017,832000,832000
1652270616.1080,848000,848000
1652270616.1222,832000,832000
1652270616.1298,848000,848000
1652270616.1417,848000,848000
1652270616.1546,832000,832000
1652270616.1613,864000,864000
1652270616.1782,872000,872000
1652270616.1847,888000,888000
1652270616.1967,888000,888000
1652270616.2057,856000,856000
1652270616.2153,864000,864000
1652270616.2290,840000,840000
1652270616.2382,856000,856000
1652270616.2481,920000,920000
1652270616.2591,896000,896000
1652270616.2659,912000,912000
1652270616.2775,912000,912000
1652270616.2890,912000,912000
1652270616.2984,928000,928000
1652270616.3093,904000,904000
1652270616.3161,920000,920000
1652270616.3286,912000,912000
1652270616.3404,904000,904000
1652270616.3492,920000,920000
1652270616.3610,936000,936000
1652270616.3708,888000,888000
1652270616.3775,912000,912000
1652270616.3865,920000,920000
1652270616.4014,896000,896000
1652270616.4082,920000,920000
1652270616.4203,912000,912000
1652270616.4271,904000,904000
1652270616.4398,928000,928000
1652270616.4725,840000,840000
1652270616.4815,840000,840000
1652270616.4918,832000,832000
1652270616.4997,832000,832000
1652270616.5119,832000,832000
1652270616.5236,848000,848000
1652270616.5329,840000,840000
1652270616.5440,800000,800000
1652270616.5501,816000,816000
1652270616.5591,824000,824000
1652270616.5680,848000,848000
1652270616.5791,840000,840000
1652270616.5901,808000,808000
1652270616.5963,824000,824000
1652270616.6114,808000,808000
1652270616.6171,824000,824000
1652270616.6277,864000,864000
1652270616.6386,824000,824000
1652270616.6445,832000,832000
1652270616.6582,840000,840000
1652270616.6645,856000,856000
1652270616.6759,848000,848000
1652270616.6882,800000,800000
1652270616.6947,816000,816000
1652270616.7012,840000,840000
1652270616.7114,912000,912000
1652270616.7243,912000,912000
1652270616.7334,880000,880000
1652270616.7395,896000,896000
1652270616.7489,920000,920000
1652270616.7594,912000,912000
1652270616.7704,912000,912000
1652270616.7809,888000,888000
1652270616.7867,912000,912000
1652270616.8023,928000,928000
1652270616.8082,944000,944000
1652270616.8204,920000,920000
1652270616.8298,888000,888000
1652270616.8362,896000,896000
1652270616.8477,928000,928000
1652270616.8575,912000,912000
1652270616.8683,928000,928000
1652270616.8797,880000,880000
1652270616.8854,896000,896000
1652270616.9195,832000,832000
1652270616.9301,816000,816000
1652270616.9415,816000,816000
1652270616.9516,848000,848000
1652270616.9616,816000,816000
1652270616.9740,816000,816000
1652270616.9849,816000,816000
1652270616.9947,856000,856000
1652270617.0056,824000,824000
1652270617.0150,824000,824000
1652270617.0315,800000,800000
1652270617.0373,840000,840000
1652270617.0479,824000,824000
1652270617.0604,808000,808000
1652270617.0666,832000,832000
1652270617.0775,808000,808000
1652270617.0869,840000,840000
1652270617.0973,832000,832000
1652270617.1076,824000,824000
1652270617.1167,832000,832000
1652270617.1287,832000,832000
1652270617.1390,864000,864000
1652270617.1499,848000,848000
1652270617.1623,888000,888000
1652270617.1689,904000,904000
1652270617.1809,904000,904000
1652270617.1901,920000,920000
1652270617.2000,912000,912000
1652270617.2113,920000,920000
1652270617.2225,888000,888000
1652270617.2289,896000,896000
1652270617.2359,920000,920000
1652270617.2495,904000,904000
1652270617.2596,904000,904000
1652270617.2673,920000,920000
1652270617.2779,912000,912000
1652270617.2916,928000,928000
1652270617.3002,920000,920000
1652270617.3123,912000,912000
1652270617.3242,928000,928000
1652270617.3320,920000,920000
1652270617.3433,920000,920000
1652270617.3545,912000,912000
1652270617.3943,800000,800000
1652270617.4050,792000,792000
1652270617.4120,800000,800000
1652270617.4236,832000,832000
1652270617.4347,816000,816000
1652270617.4446,816000,816000
1652270617.4560,792000,792000
1652270617.4653,800000,800000
1652270617.4832,808000,808000
1652270617.4892,808000,808000
1652270617.4974,800000,800000
1652270617.5067,792000,792000
1652270617.5123,816000,816000
1652270617.5281,792000,792000
1652270617.5339,808000,808000
1652270617.5447,816000,816000
1652270617.5595,792000,792000
1652270617.5655,800000,800000
1652270617.5765,800000,800000
1652270617.5861,824000,824000
1652270617.5961,816000,816000
1652270617.6065,792000,792000
1652270617.6142,800000,800000
1652270617.6259,896000,896000
1652270617.6369,904000,904000
1652270617.6475,904000,904000
1652270617.6582,864000,864000
1652270617.6644,904000,904000
1652270617.6726,896000,896000
1652270617.6869,888000,888000
1652270617.6940,904000,904000
1652270617.7053,872000,872000
1652270617.7118,904000,904000
1652270617.7198,920000,920000
1652270617.7314,936000,936000
1652270617.7418,936000,936000
1652270617.7534,888000,888000
1652270617.7592,888000,888000
1652270617.7710,912000,912000
1652270617.7773,904000,904000
1652270617.7887,928000,928000
1652270617.7987,880000,880000
1652270617.8047,888000,888000
1652270617.8157,920000,920000
1652270617.8518,816000,816000
1652270617.8627,832000,832000
1652270617.8733,808000,808000
1652270617.8790,808000,808000
1652270617.8872,824000,824000
1652270617.9055,792000,792000
1652270617.9113,816000,816000
1652270617.9193,840000,840000
1652270617.9266,832000,832000
1652270617.9386,824000,824000
1652270617.9481,840000,840000
1652270617.9600,824000,824000
1652270617.9717,832000,832000
1652270617.9830,816000,816000
1652270617.9944,816000,816000
1652270618.0045,824000,824000
1652270618.0179,848000,848000
1652270618.0286,824000,824000
1652270618.0384,816000,816000
1652270618.0494,816000,816000
1652270618.0606,840000,840000
1652270618.0714,824000,824000
1652270618.0883,888000,888000
1652270618.0942,904000,904000
1652270618.1050,912000,912000
1652270618.1161,888000,888000
1652270618.1233,904000,904000
1652270618.1359,928000,928000
1652270618.1451,920000,920000
1652270618.1564,936000,936000
1652270618.1668,912000,912000
1652270618.1743,904000,904000
1652270618.1869,896000,896000
1652270618.1956,904000,904000
1652270618.2065,904000,904000
1652270618.2180,872000,872000
1652270618.2244,888000,888000
1652270618.2320,904000,904000
1652270618.2428,904000,904000
1652270618.2559,896000,896000
1652270618.2648,896000,896000
1652270618.3089,784000,784000
1652270618.3208,784000,784000
1652270618.3303,792000,792000
1652270618.3432,808000,808000
1652270618.3558,784000,784000
1652270618.3645,792000,792000
1652270618.3758,808000,808000
1652270618.3872,760000,760000
1652270618.3929,784000,784000
1652270618.4003,792000,792000
1652270618.4117,792000,792000
1652270618.4226,784000,784000
1652270618.4333,792000,792000
1652270618.4446,800000,800000
1652270618.4572,792000,792000
1652270618.4665,784000,784000
1652270618.4781,816000,816000
1652270618.4983,752000,752000
1652270618.5035,776000,776000
1652270618.5117,784000,784000
1652270618.5228,784000,784000
1652270618.5347,888000,888000
1652270618.5429,904000,904000
1652270618.5542,888000,888000
1652270618.5622,904000,904000
1652270618.5726,904000,904000
1652270618.5868,896000,896000
1652270618.5980,872000,872000
1652270618.6046,896000,896000
1652270618.6154,904000,904000
1652270618.6232,904000,904000
1652270618.6340,880000,880000
1652270618.6417,896000,896000
1652270618.6583,896000,896000
1652270618.6637,904000,904000
1652270618.6746,888000,888000
1652270618.6829,904000,904000
1652270618.6948,896000,896000
1652270618.7051,904000,904000
1652270618.7171,904000,904000
1652270618.7590,816000,816000
1652270618.7677,792000,792000
1652270618.7736,808000,808000
1652270618.7832,816000,816000
1652270618.7934,808000,808000
1652270618.8016,808000,808000
1652270618.8123,824000,824000
1652270618.8234,816000,816000
1652270618.8349,800000,800000
1652270618.8432,816000,816000
1652270618.8599,816000,816000
1652270618.8652,824000,824000
1652270618.8759,808000,808000
1652270618.8847,808000,808000
1652270618.8959,832000,832000
1652270618.9073,816000,816000
1652270618.9179,832000,832000
1652270618.9296,808000,808000
1652270618.9418,832000,832000
1652270618.9514,816000,816000
1652270618.9627,800000,800000
1652270618.9735,808000,808000
1652270618.9837,936000,936000
1652270618.9956,928000,928000
1652270619.0086,912000,912000
1652270619.0155,928000,928000
1652270619.0341,912000,912000
1652270619.0404,896000,896000
1652270619.0499,896000,896000
1652270619.0582,912000,912000
1652270619.0718,888000,888000
1652270619.0812,896000,896000
1652270619.0920,912000,912000
1652270619.1028,904000,904000
1652270619.1155,920000,920000
1652270619.1232,928000,928000
1652270619.1370,904000,904000
1652270619.1461,864000,864000
1652270619.1529,880000,880000
1652270619.1608,896000,896000
1652270619.1742,888000,888000
1652270619.2072,816000,816000
1652270619.2192,824000,824000
1652270619.2303,816000,816000
1652270619.2403,816000,816000
1652270619.2517,816000,816000
1652270619.2609,824000,824000
1652270619.2756,816000,816000
1652270619.2841,848000,848000
1652270619.2981,840000,840000
1652270619.3055,800000,800000
1652270619.3113,816000,816000
1652270619.3200,824000,824000
1652270619.3327,824000,824000
1652270619.3422,816000,816000
1652270619.3512,824000,824000
1652270619.3660,816000,816000
1652270619.3747,832000,832000
1652270619.3844,824000,824000
1652270619.3953,808000,808000
1652270619.4029,824000,824000
1652270619.4157,832000,832000
1652270619.4257,824000,824000
1652270619.4360,832000,832000
1652270619.4468,904000,904000
1652270619.4597,904000,904000
1652270619.4691,912000,912000
1652270619.4805,912000,912000
1652270619.4925,912000,912000
1652270619.5040,904000,904000
1652270619.5145,912000,912000
1652270619.5272,888000,888000
1652270619.5338,912000,912000
1652270619.5493,888000,888000
1652270619.5591,896000,896000
1652270619.5673,928000,928000
1652270619.5764,912000,912000
1652270619.5900,904000,904000
1652270619.5984,912000,912000
1652270619.6126,880000,880000
1652270619.6227,904000,904000
1652270619.6310,912000,912000
1652270619.6673,816000,816000
1652270619.6779,808000,808000
1652270619.6856,816000,816000
1652270619.7019,800000,800000
1652270619.7077,816000,816000
1652270619.7193,816000,816000
1652270619.7287,816000,816000
1652270619.7406,808000,808000
1652270619.7525,816000,816000
1652270619.7619,816000,816000
1652270619.7743,808000,808000
1652270619.7884,824000,824000
1652270619.7978,816000,816000
1652270619.8067,832000,832000
1652270619.8162,832000,832000
1652270619.8272,832000,832000
1652270619.8406,816000,816000
1652270619.8493,832000,832000
1652270619.8608,824000,824000
1652270619.8759,824000,824000
1652270619.8825,840000,840000
1652270619.8935,824000,824000
1652270619.9054,912000,912000
1652270619.9169,912000,912000
1652270619.9273,912000,912000
1652270619.9383,928000,928000
1652270619.9488,888000,888000
1652270619.9543,920000,920000
1652270619.9626,936000,936000
1652270619.9733,912000,912000
1652270619.9850,920000,920000
1652270619.9961,904000,904000
1652270620.0107,904000,904000
1652270620.0167,920000,920000
1652270620.0273,912000,912000
1652270620.0380,888000,888000
1652270620.0438,920000,920000
1652270620.0572,904000,904000
1652270620.0648,920000,920000
1652270620.0758,912000,912000
1652270620.0890,872000,872000
1652270620.0953,888000,888000
1652270620.1280,824000,824000
1652270620.1370,832000,832000
1652270620.1485,816000,816000
1652270620.1603,816000,816000
1652270620.1720,816000,816000
1652270620.1817,824000,824000
1652270620.1935,816000,816000
1652270620.2045,792000,792000
1652270620.2103,840000,840000
1652270620.2208,832000,832000
1652270620.2335,808000,808000
1652270620.2407,832000,832000
1652270620.2537,808000,808000
1652270620.2597,824000,824000
1652270620.2712,840000,840000
1652270620.2820,824000,824000
1652270620.2932,816000,816000
1652270620.3042,824000,824000
1652270620.3102,824000,824000
1652270620.3219,824000,824000
1652270620.3297,824000,824000
1652270620.3418,824000,824000
1652270620.3525,832000,832000
1652270620.3581,840000,840000
1652270620.3695,912000,912000
1652270620.3770,928000,928000
1652270620.3883,928000,928000
1652270620.3990,896000,896000
1652270620.4046,912000,912000
1652270620.4200,904000,904000
1652270620.4263,920000,920000
1652270620.4367,928000,928000
1652270620.4542,872000,872000
1652270620.4608,912000,912000
1652270620.4679,928000,928000
1652270620.4805,904000,904000
1652270620.4873,920000,920000
1652270620.4989,896000,896000
1652270620.5064,896000,896000
1652270620.5233,888000,888000
1652270620.5376,872000,872000
1652270620.5508,864000,864000
1652270620.5574,864000,864000
1652270620.5659,896000,896000
1652270620.5897,824000,824000
1652270620.5998,832000,832000
1652270620.6113,856000,856000
1652270620.6239,816000,816000
1652270620.6298,832000,832000
1652270620.6415,824000,824000
1652270620.6498,832000,832000
1652270620.6606,856000,856000
1652270620.6716,816000,816000
1652270620.6788,832000,832000
1652270620.6914,816000,816000
1652270620.6995,824000,824000
1652270620.7101,872000,872000
1652270620.7214,840000,840000
1652270620.7274,840000,840000
1652270620.7390,848000,848000
1652270620.7489,840000,840000
1652270620.7602,864000,864000
1652270620.7713,824000,824000
1652270620.7775,856000,856000
1652270620.7953,840000,840000
1652270620.8019,864000,864000
1652270620.8108,880000,880000
1652270620.8220,864000,864000
1652270620.8312,856000,856000
1652270620.8445,896000,896000
1652270620.8540,904000,904000
1652270620.8649,904000,904000
1652270620.8757,888000,888000
1652270620.8822,928000,928000
1652270620.8951,904000,904000
1652270620.9046,912000,912000
1652270620.9153,904000,904000
1652270620.9279,920000,920000
1652270620.9365,928000,928000
1652270620.9517,904000,904000
1652270620.9592,904000,904000
1652270620.9697,904000,904000
1652270620.9803,912000,912000
1652270620.9881,912000,912000
1652270621.0008,904000,904000
1652270621.0118,904000,904000
1652270621.0214,904000,904000
1652270621.0562,856000,856000
1652270621.0647,848000,848000
1652270621.0758,840000,840000
1652270621.0871,856000,856000
1652270621.0978,856000,856000
1652270621.1100,832000,832000
1652270621.1163,840000,840000
1652270621.1314,840000,840000
1652270621.1372,864000,864000
1652270621.1507,840000,840000
1652270621.1601,832000,832000
1652270621.1674,840000,840000
1652270621.1797,840000,840000
1652270621.1935,840000,840000
1652270621.2023,840000,840000
1652270621.2119,840000,840000
1652270621.2226,832000,832000
1652270621.2295,840000,840000
1652270621.2407,856000,856000
1652270621.2546,832000,832000
1652270621.2633,832000,832000
1652270621.2705,840000,840000
1652270621.2818,840000,840000
1652270621.2939,920000,920000
1652270621.3039,928000,928000
1652270621.3151,904000,904000
1652270621.3224,912000,912000
1652270621.3372,896000,896000
1652270621.3449,912000,912000
1652270621.3566,904000,904000
1652270621.3670,920000,920000
1652270621.3760,928000,928000
1652270621.3905,912000,912000
1652270621.3993,904000,904000
1652270621.4092,920000,920000
1652270621.4202,904000,904000
1652270621.4289,904000,904000
1652270621.4407,904000,904000
1652270621.4491,920000,920000
1652270621.4602,912000,912000
1652270621.4713,920000,920000
1652270621.4800,928000,928000
1652270621.5122,840000,840000
1652270621.5244,848000,848000
1652270621.5339,840000,840000
1652270621.5453,824000,824000
1652270621.5532,832000,832000
1652270621.5660,824000,824000
1652270621.5749,856000,856000
1652270621.5868,840000,840000
1652270621.5968,840000,840000
1652270621.6067,832000,832000
1652270621.6180,832000,832000
1652270621.6294,840000,840000
1652270621.6402,840000,840000
1652270621.6640,784000,784000
1652270621.6714,792000,792000
1652270621.6767,824000,824000
1652270621.6833,848000,848000
1652270621.6926,848000,848000
1652270621.7039,832000,832000
1652270621.7094,840000,840000
1652270621.7286,816000,816000
1652270621.7341,840000,840000
1652270621.7423,840000,840000
1652270621.7539,896000,896000
1652270621.7624,904000,904000
1652270621.7749,896000,896000
1652270621.7826,912000,912000
1652270621.7941,912000,912000
1652270621.8042,904000,904000
1652270621.8115,920000,920000
1652270621.8238,912000,912000
1652270621.8332,904000,904000
1652270621.8443,912000,912000
1652270621.8553,896000,896000
1652270621.8638,904000,904000
1652270621.8745,912000,912000
1652270621.8835,920000,920000
1652270621.8946,920000,920000
1652270621.9058,896000,896000
1652270621.9117,976000,976000
1652270621.9303,928000,928000
1652270621.9360,952000,952000
1652270621.9735,848000,848000
1652270621.9798,832000,832000
1652270621.9859,848000,848000
1652270621.9984,824000,824000
1652270622.0064,824000,824000
1652270622.0186,848000,848000
1652270622.0281,824000,824000
1652270622.0371,832000,832000
1652270622.0484,824000,824000
1652270622.0592,824000,824000
1652270622.0693,848000,848000
1652270622.0804,808000,808000
1652270622.0865,824000,824000
1652270622.0978,824000,824000
1652270622.1098,824000,824000
1652270622.1221,840000,840000
1652270622.1304,808000,808000
1652270622.1361,824000,824000
1652270622.1518,800000,800000
1652270622.1609,816000,816000
1652270622.1697,840000,840000
1652270622.1811,816000,816000
1652270622.1874,840000,840000
1652270622.1992,816000,816000
1652270622.2083,896000,896000
1652270622.2215,896000,896000
1652270622.2299,880000,880000
1652270622.2367,920000,920000
1652270622.2478,904000,904000
1652270622.2627,896000,896000
1652270622.2713,896000,896000
1652270622.2810,880000,880000
1652270622.2910,904000,904000
1652270622.2990,904000,904000
1652270622.3098,904000,904000
1652270622.3240,896000,896000
1652270622.3316,888000,888000
1652270622.4015,696000,696000
1652270622.4077,720000,720000
1652270622.4130,744000,744000
1652270622.4190,760000,760000
1652270622.4327,720000,720000
1652270622.4388,768000,768000
1652270622.4446,792000,792000
1652270622.4523,784000,784000
1652270622.4622,792000,792000
1652270622.4705,784000,784000
1652270622.4762,800000,800000
1652270622.4823,824000,824000
1652270622.4933,840000,840000
1652270622.5040,824000,824000
1652270622.5149,840000,840000
1652270622.5262,808000,808000
1652270622.5319,816000,816000
1652270622.5432,832000,832000
1652270622.5525,832000,832000
1652270622.5623,824000,824000
1652270622.5733,808000,808000
1652270622.5805,824000,824000
1652270622.5984,1040000,1040000
1652270622.6041,1064000,1064000
1652270622.6140,1064000,1064000
1652270622.6250,1032000,1032000
1652270622.6309,1048000,1048000
1652270622.6429,1040000,1040000
1652270622.6549,1032000,1032000
1652270622.6641,1032000,1032000
1652270622.6747,968000,968000
1652270622.6805,960000,960000
1652270622.6940,984000,984000
1652270622.7027,976000,976000
1652270622.7113,952000,952000
1652270622.7226,920000,920000
1652270622.7288,936000,936000
1652270622.7437,888000,888000
1652270622.7494,912000,912000
1652270622.7610,904000,904000
1652270622.7726,888000,888000
1652270622.7811,896000,896000
1652270622.7939,904000,904000
1652270622.8033,912000,912000
1652270622.8117,912000,912000
1652270622.8229,912000,912000
1652270622.8348,896000,896000
1652270622.8406,896000,896000
1652270622.8524,920000,920000
1652270622.8838,848000,848000
1652270622.8957,832000,832000
1652270622.9076,824000,824000
1652270622.9162,832000,832000
1652270622.9281,824000,824000
1652270622.9392,856000,856000
1652270622.9499,848000,848000
1652270622.9609,816000,816000
1652270622.9695,816000,816000
1652270622.9860,824000,824000
1652270622.9922,824000,824000
1652270623.0042,832000,832000
1652270623.0136,808000,808000
1652270623.0248,808000,808000
1652270623.0368,824000,824000
1652270623.0466,824000,824000
1652270623.0599,824000,824000
1652270623.0687,800000,800000
1652270623.0741,808000,808000
1652270623.0850,808000,808000
1652270623.0982,840000,840000
1652270623.1075,824000,824000
1652270623.1181,816000,816000
1652270623.1282,888000,888000
1652270623.1402,888000,888000
1652270623.1477,896000,896000
1652270623.1587,896000,896000
1652270623.1698,888000,888000
1652270623.1778,896000,896000
1652270623.1946,872000,872000
1652270623.2003,888000,888000
1652270623.2105,896000,896000
1652270623.2220,880000,880000
1652270623.2278,896000,896000
1652270623.2390,912000,912000
1652270623.2503,912000,912000
1652270623.2589,904000,904000
1652270623.2691,880000,880000
1652270623.2749,904000,904000
1652270623.2871,896000,896000
1652270623.2970,904000,904000
1652270623.3271,856000,856000
1652270623.3381,808000,808000
1652270623.3435,824000,824000
1652270623.3552,824000,824000
1652270623.3630,832000,832000
1652270623.3753,840000,840000
1652270623.3852,840000,840000
1652270623.4014,824000,824000
1652270623.4076,832000,832000
1652270623.4199,832000,832000
1652270623.4289,824000,824000
1652270623.4355,840000,840000
1652270623.4435,840000,840000
1652270623.4600,840000,840000
1652270623.4663,832000,832000
1652270623.4733,840000,840000
1652270623.4855,872000,872000
1652270623.4968,848000,848000
1652270623.5066,856000,856000
1652270623.5188,840000,840000
1652270623.5304,864000,864000
1652270623.5408,856000,856000
1652270623.5518,856000,856000
1652270623.5630,912000,912000
1652270623.5806,888000,888000
1652270623.5869,912000,912000
1652270623.5971,952000,952000
1652270623.6084,888000,888000
1652270623.6146,912000,912000
1652270623.6221,920000,920000
1652270623.6339,912000,912000
1652270623.6439,912000,912000
1652270623.6556,928000,928000
1652270623.6670,928000,928000
1652270623.6805,904000,904000
1652270623.6892,928000,928000
1652270623.6951,928000,928000
1652270623.7116,920000,920000
1652270623.7175,936000,936000
1652270623.7288,920000,920000
1652270623.7395,912000,912000
1652270623.7513,912000,912000
1652270623.7636,904000,904000
1652270623.7966,832000,832000
1652270623.8093,816000,816000
1652270623.8226,816000,816000
1652270623.8304,840000,840000
1652270623.8415,848000,848000
1652270623.8536,784000,784000
1652270623.8594,800000,800000
1652270623.8668,856000,856000
1652270623.8770,840000,840000
1652270623.8882,824000,824000
1652270623.8990,800000,800000
1652270623.9046,816000,816000
1652270623.9206,800000,800000
1652270623.9281,816000,816000
1652270623.9384,824000,824000
1652270623.9466,800000,800000
1652270623.9526,824000,824000
1652270623.9667,808000,808000
1652270623.9729,832000,832000
1652270623.9826,816000,816000
1652270623.9918,816000,816000
1652270623.9977,824000,824000
1652270624.0093,824000,824000
1652270624.0218,832000,832000
1652270624.0310,912000,912000
1652270624.0417,896000,896000
1652270624.0504,904000,904000
1652270624.0669,896000,896000
1652270624.0726,912000,912000
1652270624.0826,928000,928000
1652270624.0931,896000,896000
1652270624.1010,904000,904000
1652270624.1141,944000,944000
1652270624.1230,928000,928000
1652270624.1343,912000,912000
1652270624.1451,888000,888000
1652270624.1522,904000,904000
1652270624.1637,928000,928000
1652270624.1752,928000,928000
1652270624.1961,880000,880000
1652270624.2019,856000,856000
1652270624.2072,904000,904000
1652270624.2327,848000,848000
1652270624.2439,824000,824000
1652270624.2543,832000,832000
1652270624.2642,816000,816000
1652270624.2797,808000,808000
1652270624.2893,808000,808000
1652270624.2986,832000,832000
1652270624.3111,824000,824000
1652270624.3252,824000,824000
1652270624.3344,816000,816000
1652270624.3439,808000,808000
1652270624.3546,832000,832000
1652270624.3659,824000,824000
1652270624.3740,832000,832000
1652270624.3870,824000,824000
1652270624.3971,824000,824000
1652270624.4115,824000,824000
1652270624.4194,832000,832000
1652270624.4412,792000,792000
1652270624.4472,832000,832000
1652270624.4728,792000,792000
1652270624.4785,848000,848000
1652270624.4839,872000,872000
1652270624.4901,888000,888000
1652270624.4989,904000,904000
1652270624.5084,904000,904000
1652270624.5159,912000,912000
1652270624.5280,912000,912000
1652270624.5393,920000,920000
1652270624.5502,912000,912000
1652270624.5610,904000,904000
1652270624.5728,904000,904000
1652270624.5848,912000,912000
1652270624.5951,904000,904000
1652270624.6073,904000,904000
1652270624.6172,904000,904000
1652270624.6332,880000,880000
1652270624.6398,896000,896000
1652270624.6506,872000,872000
1652270624.6788,808000,808000
1652270624.6921,848000,848000
1652270624.7008,864000,864000
1652270624.7109,848000,848000
1652270624.7214,896000,896000
1652270624.7324,896000,896000
1652270624.7432,880000,880000
1652270624.7548,840000,840000
1652270624.7647,824000,824000
1652270624.7766,824000,824000
1652270624.7891,816000,816000
1652270624.7982,816000,816000
1652270624.8070,824000,824000
1652270624.8231,808000,808000
1652270624.8293,824000,824000
1652270624.8399,824000,824000
1652270624.8490,840000,840000
1652270624.8608,832000,832000
1652270624.8720,840000,840000
1652270624.8835,832000,832000
1652270624.8924,848000,848000
1652270624.9038,832000,832000
1652270624.9148,864000,864000
1652270624.9266,912000,912000
1652270624.9368,912000,912000
1652270624.9475,928000,928000
1652270624.9613,912000,912000
1652270624.9697,920000,920000
1652270624.9804,912000,912000
1652270624.9958,896000,896000
1652270625.0037,912000,912000
1652270625.0132,920000,920000
1652270625.0239,920000,920000
1652270625.0451,888000,888000
1652270625.0504,904000,904000
1652270625.0582,920000,920000
1652270625.0697,912000,912000
1652270625.0824,928000,928000
1652270625.0942,912000,912000
1652270625.1029,912000,912000
1652270625.1358,832000,832000
1652270625.1469,840000,840000
1652270625.1581,840000,840000
1652270625.1687,840000,840000
1652270625.1801,800000,800000
1652270625.1863,824000,824000
1652270625.1970,824000,824000
1652270625.2062,824000,824000
1652270625.2170,840000,840000
1652270625.2272,800000,800000
1652270625.2332,824000,824000
1652270625.2439,824000,824000
1652270625.2554,840000,840000
1652270625.2642,832000,832000
1652270625.2753,800000,800000
1652270625.2816,816000,816000
1652270625.2997,824000,824000
1652270625.3058,848000,848000
1652270625.3130,840000,840000
1652270625.3253,824000,824000
1652270625.3372,832000,832000
1652270625.3493,824000,824000
1652270625.3612,824000,824000
1652270625.3700,864000,864000
1652270625.3770,888000,888000
1652270625.3829,904000,904000
1652270625.3950,904000,904000
1652270625.4052,904000,904000
1652270625.4156,864000,864000
1652270625.4215,888000,888000
1652270625.4299,896000,896000
1652270625.4392,928000,928000
1652270625.4519,912000,912000
1652270625.4618,912000,912000
1652270625.4723,904000,904000
1652270625.4895,912000,912000
1652270625.4962,912000,912000
1652270625.5055,912000,912000
1652270625.5159,888000,888000
1652270625.5226,904000,904000
1652270625.5364,928000,928000
1652270625.5449,920000,920000
1652270625.5580,936000,936000
1652270625.5668,904000,904000
1652270625.5946,832000,832000
1652270625.6065,832000,832000
1652270625.6164,840000,840000
1652270625.6277,848000,848000
1652270625.6392,816000,816000
1652270625.6454,816000,816000
1652270625.6577,816000,816000
1652270625.6638,832000,832000
1652270625.6750,872000,872000
1652270625.6860,832000,832000
1652270625.6927,840000,840000
1652270625.7092,816000,816000
1652270625.7181,824000,824000
1652270625.7255,840000,840000
1652270625.7369,808000,808000
1652270625.7427,840000,840000
1652270625.7561,840000,840000
1652270625.7635,824000,824000
1652270625.7745,840000,840000
1652270625.7883,824000,824000
1652270625.7997,832000,832000
1652270625.8087,824000,824000
1652270625.8205,832000,832000
1652270625.8324,848000,848000
1652270625.8438,904000,904000
1652270625.8561,904000,904000
1652270625.8671,904000,904000
1652270625.8766,864000,864000
1652270625.8825,888000,888000
1652270625.8886,896000,896000
1652270625.9046,920000,920000
1652270625.9109,920000,920000
1652270625.9219,920000,920000
1652270625.9354,896000,896000
1652270625.9440,920000,920000
1652270625.9567,896000,896000
1652270625.9655,920000,920000
1652270625.9779,912000,912000
1652270625.9857,904000,904000
1652270625.9983,920000,920000
1652270626.0052,912000,912000
1652270626.0173,920000,920000
1652270626.0490,848000,848000
1652270626.0612,832000,832000
1652270626.0718,824000,824000
1652270626.0873,816000,816000
1652270626.0932,832000,832000
1652270626.1029,824000,824000
1652270626.1106,840000,840000
1652270626.1233,832000,832000
1652270626.1325,840000,840000
1652270626.1439,848000,848000
1652270626.1560,840000,840000
1652270626.1670,848000,848000
1652270626.1779,832000,832000
1652270626.1892,824000,824000
1652270626.1978,832000,832000
1652270626.2090,832000,832000
1652270626.2199,840000,840000
1652270626.2293,832000,832000
1652270626.2415,832000,832000
1652270626.2589,816000,816000
1652270626.2646,840000,840000
1652270626.2745,816000,816000
1652270626.2861,888000,888000
1652270626.2978,888000,888000
1652270626.3065,904000,904000
1652270626.3171,904000,904000
1652270626.3246,920000,920000
1652270626.3359,920000,920000
1652270626.3471,936000,936000
1652270626.3575,904000,904000
1652270626.3683,912000,912000
1652270626.3788,912000,912000
1652270626.3911,904000,904000
1652270626.3999,912000,912000
1652270626.4099,912000,912000
1652270626.4313,880000,880000
1652270626.4379,896000,896000
1652270626.4442,912000,912000
1652270626.4533,920000,920000
1652270626.4649,912000,912000
1652270626.4976,832000,832000
1652270626.5081,856000,856000
1652270626.5200,856000,856000
1652270626.5319,832000,832000
1652270626.5418,840000,840000
1652270626.5540,832000,832000
1652270626.5639,832000,832000
1652270626.5752,840000,840000
1652270626.5877,824000,824000
1652270626.5967,816000,816000
1652270626.6061,816000,816000
1652270626.6219,816000,816000
1652270626.6290,832000,832000
1652270626.6388,816000,816000
1652270626.6471,824000,824000
1652270626.6600,824000,824000
1652270626.6691,824000,824000
1652270626.6799,840000,840000
1652270626.6903,848000,848000
1652270626.7029,832000,832000
1652270626.7124,824000,824000
1652270626.7243,808000,808000
1652270626.7329,896000,896000
1652270626.7440,896000,896000
1652270626.7540,896000,896000
1652270626.7639,896000,896000
1652270626.7732,904000,904000
1652270626.7886,888000,888000
1652270626.7961,904000,904000
1652270626.8069,888000,888000
1652270626.8156,912000,912000
1652270626.8328,888000,888000
1652270626.8412,896000,896000
1652270626.8494,896000,896000
1652270626.8572,920000,920000
1652270626.8683,904000,904000
1652270626.8780,936000,936000
1652270626.8901,904000,904000
1652270626.8998,920000,920000
1652270626.9116,912000,912000
1652270626.9480,832000,832000
1652270626.9570,840000,840000
1652270626.9673,808000,808000
1652270626.9741,816000,816000
1652270626.9932,792000,792000
1652270627.0007,800000,800000
1652270627.0068,816000,816000
1652270627.0131,824000,824000
1652270627.0266,824000,824000
1652270627.0361,824000,824000
1652270627.0453,832000,832000
1652270627.0554,824000,824000
1652270627.0671,832000,832000
1652270627.0767,832000,832000
1652270627.0878,832000,832000
1652270627.0949,848000,848000
1652270627.1062,840000,840000
1652270627.1171,824000,824000
1652270627.1276,808000,808000
1652270627.1371,808000,808000
1652270627.1531,800000,800000
1652270627.1603,816000,816000
1652270627.1705,792000,792000
1652270627.1781,896000,896000
1652270627.1913,896000,896000
1652270627.2005,896000,896000
1652270627.2109,880000,880000
1652270627.2173,888000,888000
1652270627.2335,912000,912000
1652270627.2404,912000,912000
1652270627.2490,920000,920000
1652270627.2572,936000,936000
1652270627.2697,904000,904000
1652270627.2783,896000,896000
1652270627.2901,880000,880000
1652270627.2969,896000,896000
1652270627.3078,904000,904000
1652270627.3182,904000,904000
1652270627.3285,872000,872000
1652270627.3350,880000,880000
1652270627.3502,888000,888000
1652270627.3870,800000,800000
1652270627.3953,776000,776000
1652270627.4021,792000,792000
1652270627.4148,800000,800000
1652270627.4220,800000,800000
1652270627.4344,776000,776000
1652270627.4422,776000,776000
1652270627.4491,792000,792000
1652270627.4598,792000,792000
1652270627.4694,792000,792000
1652270627.4770,784000,784000
1652270627.4916,792000,792000
1652270627.4982,808000,808000
1652270627.5063,776000,776000
1652270627.5130,808000,808000
1652270627.5312,776000,776000
1652270627.5380,776000,776000
1652270627.5444,776000,776000
1652270627.5510,808000,808000
1652270627.5648,784000,784000
1652270627.5723,792000,792000
1652270627.5812,768000,768000
1652270627.5883,808000,808000
1652270627.5997,792000,792000
1652270627.6084,816000,816000
1652270627.6195,872000,872000
1652270627.6278,880000,880000
1652270627.6361,896000,896000
1652270627.6463,896000,896000
1652270627.6587,896000,896000
1652270627.6665,880000,880000
1652270627.6750,904000,904000
1652270627.6906,912000,912000
1652270627.6982,896000,896000
1652270627.7052,896000,896000
1652270627.7120,896000,896000
1652270627.7247,888000,888000
1652270627.7334,888000,888000
1652270627.7403,888000,888000
1652270627.7485,912000,912000
1652270627.7597,896000,896000
1652270627.7701,896000,896000
1652270627.7779,896000,896000
1652270627.8138,808000,808000
1652270627.8264,808000,808000
1652270627.8354,768000,768000
1652270627.8435,808000,808000
1652270627.8511,800000,800000
1652270627.8638,800000,800000
1652270627.8717,776000,776000
1652270627.8789,816000,816000
1652270627.8896,808000,808000
1652270627.8992,808000,808000
1652270627.9100,784000,784000
1652270627.9177,824000,824000
1652270627.9299,816000,816000
1652270627.9393,808000,808000
1652270627.9514,808000,808000
1652270627.9582,840000,840000
1652270627.9749,792000,792000
1652270627.9815,808000,808000
1652270627.9908,800000,800000
1652270627.9977,840000,840000
1652270628.0090,808000,808000
1652270628.0207,808000,808000
1652270628.0298,816000,816000
1652270628.0368,816000,816000
1652270628.0482,904000,904000
1652270628.0590,912000,912000
1652270628.0707,888000,888000
1652270628.0776,904000,904000
1652270628.0907,904000,904000
1652270628.0994,936000,936000
1652270628.1107,920000,920000
1652270628.1218,888000,888000
1652270628.1280,904000,904000
1652270628.1368,928000,928000
1652270628.1515,904000,904000
1652270628.1586,896000,896000
1652270628.1696,912000,912000
1652270628.1823,896000,896000
1652270628.1904,912000,912000
1652270628.2003,896000,896000
1652270628.2077,928000,928000
1652270628.2215,904000,904000
1652270628.2527,848000,848000
1652270628.2624,832000,832000
1652270628.2748,832000,832000
1652270628.2877,832000,832000
1652270628.2956,848000,848000
1652270628.3065,824000,824000
1652270628.3174,824000,824000
1652270628.3328,832000,832000
1652270628.3391,832000,832000
1652270628.3498,832000,832000
1652270628.3593,824000,824000
1652270628.3706,824000,824000
1652270628.3811,856000,856000
1652270628.3924,840000,840000
1652270628.4041,840000,840000
1652270628.4165,840000,840000
1652270628.4265,840000,840000
1652270628.4363,840000,840000
1652270628.4471,848000,848000
1652270628.4597,840000,840000
1652270628.4691,832000,832000
1652270628.4805,832000,832000
1652270628.4933,904000,904000
1652270628.5113,880000,880000
1652270628.5175,896000,896000
1652270628.5247,912000,912000
1652270628.5370,904000,904000
1652270628.5489,912000,912000
1652270628.5590,904000,904000
1652270628.5696,904000,904000
1652270628.5804,912000,912000
1652270628.5934,912000,912000
1652270628.6020,912000,912000
1652270628.6134,904000,904000
1652270628.6232,904000,904000
1652270628.6345,904000,904000
1652270628.6443,912000,912000
1652270628.6553,912000,912000
1652270628.6686,904000,904000
1652270628.7115,792000,792000
1652270628.7182,808000,808000
1652270628.7239,832000,832000
1652270628.7351,824000,824000
1652270628.7481,824000,824000
1652270628.7575,832000,832000
1652270628.7676,856000,856000
1652270628.7787,840000,840000
1652270628.7912,824000,824000
1652270628.8000,840000,840000
1652270628.8113,840000,840000
1652270628.8216,800000,800000
1652270628.8279,824000,824000
1652270628.8380,824000,824000
1652270628.8469,840000,840000
1652270628.8593,840000,840000
1652270628.8686,808000,808000
1652270628.8748,832000,832000
1652270628.8927,800000,800000
1652270628.8984,824000,824000
1652270628.9052,832000,832000
1652270628.9165,832000,832000
1652270628.9302,832000,832000
1652270628.9388,960000,960000
1652270628.9495,960000,960000
1652270628.9610,920000,920000
1652270628.9670,944000,944000
1652270628.9750,944000,944000
1652270628.9867,912000,912000
1652270628.9970,920000,920000
1652270629.0118,912000,912000
1652270629.0210,904000,904000
1652270629.0311,912000,912000
1652270629.0427,912000,912000
1652270629.0556,880000,880000
1652270629.0616,888000,888000
1652270629.0675,904000,904000
1652270629.0803,936000,936000
1652270629.0932,912000,912000
1652270629.1045,896000,896000
1652270629.1156,896000,896000
1652270629.1284,920000,920000
1652270629.1606,840000,840000
1652270629.1719,824000,824000
1652270629.1825,824000,824000
1652270629.1944,832000,832000
1652270629.2040,824000,824000
1652270629.2152,824000,824000
1652270629.2271,856000,856000
1652270629.2370,832000,832000
1652270629.2489,832000,832000
1652270629.2614,792000,792000
1652270629.2682,816000,816000
1652270629.2743,832000,832000
1652270629.2872,824000,824000
1652270629.2978,824000,824000
1652270629.3063,792000,792000
1652270629.3128,856000,856000
1652270629.3207,864000,864000
1652270629.3310,832000,832000
1652270629.3424,832000,832000
1652270629.3532,808000,808000
1652270629.3594,824000,824000
1652270629.3697,832000,832000
1652270629.3796,832000,832000
1652270629.3910,840000,840000
1652270629.4024,880000,880000
1652270629.4086,896000,896000
1652270629.4207,896000,896000
1652270629.4293,904000,904000
1652270629.4397,912000,912000
1652270629.4505,896000,896000
1652270629.4604,904000,904000
1652270629.4780,880000,880000
1652270629.4843,888000,888000
1652270629.4914,904000,904000
1652270629.5026,888000,888000
1652270629.5100,896000,896000
1652270629.5225,928000,928000
1652270629.5317,920000,920000
1652270629.6000,696000,696000
1652270629.6061,704000,704000
1652270629.6124,752000,752000
1652270629.6175,776000,776000
1652270629.6225,776000,776000
1652270629.6284,792000,792000
1652270629.6361,776000,776000
1652270629.6433,792000,792000
1652270629.6500,808000,808000
1652270629.6558,832000,832000
1652270629.6682,832000,832000
1652270629.6771,824000,824000
1652270629.6863,832000,832000
1652270629.6940,832000,832000
1652270629.7071,832000,832000
1652270629.7155,848000,848000
1652270629.7263,824000,824000
1652270629.7324,856000,856000
1652270629.7434,864000,864000
1652270629.7544,832000,832000
1652270629.7661,848000,848000
1652270629.7768,816000,816000
1652270629.7827,840000,840000
1652270629.7945,824000,824000
1652270629.8032,1072000,1072000
1652270629.8148,1064000,1064000
1652270629.8280,1024000,1024000
1652270629.8343,1040000,1040000
1652270629.8489,1024000,1024000
1652270629.8555,1032000,1032000
1652270629.8659,1032000,1032000
1652270629.8767,992000,992000
1652270629.8858,984000,984000
1652270629.8941,944000,944000
1652270629.9052,952000,952000
1652270629.9171,928000,928000
1652270629.9260,880000,880000
1652270629.9318,904000,904000
1652270629.9457,896000,896000
1652270629.9516,920000,920000
1652270629.9612,904000,904000
1652270629.9702,912000,912000
1652270629.9826,904000,904000
1652270629.9938,904000,904000
1652270630.0011,904000,904000
1652270630.0106,912000,912000
1652270630.0248,896000,896000
1652270630.0343,928000,928000
1652270630.0658,832000,832000
1652270630.0769,832000,832000
1652270630.0955,816000,816000
1652270630.1014,840000,840000
1652270630.1103,824000,824000
1652270630.1162,824000,824000
1652270630.1263,824000,824000
1652270630.1378,856000,856000
1652270630.1489,832000,832000
1652270630.1585,832000,832000
1652270630.1722,816000,816000
1652270630.1811,832000,832000
1652270630.1910,840000,840000
1652270630.1981,840000,840000
1652270630.2088,848000,848000
1652270630.2193,840000,840000
1652270630.2291,824000,824000
1652270630.2398,832000,832000
1652270630.2541,824000,824000
1652270630.2642,832000,832000
1652270630.2725,808000,808000
1652270630.2788,832000,832000
1652270630.2917,824000,824000
1652270630.3003,832000,832000
1652270630.3110,888000,888000
1652270630.3210,896000,896000
1652270630.3323,896000,896000
1652270630.3422,904000,904000
1652270630.3535,896000,896000
1652270630.3596,920000,920000
1652270630.3743,904000,904000
1652270630.3805,904000,904000
1652270630.3909,896000,896000
1652270630.3992,904000,904000
1652270630.4113,912000,912000
1652270630.4214,912000,912000
1652270630.4322,896000,896000
1652270630.4390,904000,904000
1652270630.4496,920000,920000
1652270630.4610,912000,912000
1652270630.4700,904000,904000
1652270630.4802,904000,904000
1652270630.5137,840000,840000
1652270630.5276,824000,824000
1652270630.5351,832000,832000
1652270630.5428,832000,832000
1652270630.5586,808000,808000
1652270630.5673,824000,824000
1652270630.5770,824000,824000
1652270630.5858,824000,824000
1652270630.5969,832000,832000
1652270630.6069,832000,832000
1652270630.6180,832000,832000
1652270630.6254,832000,832000
1652270630.6363,848000,848000
1652270630.6459,832000,832000
1652270630.6575,808000,808000
1652270630.6665,816000,816000
1652270630.6817,800000,800000
1652270630.6917,824000,824000
1652270630.7020,808000,808000
1652270630.7080,816000,816000
1652270630.7208,808000,808000
1652270630.7292,824000,824000
1652270630.7400,808000,808000
1652270630.7481,888000,888000
1652270630.7597,888000,888000
1652270630.7693,896000,896000
1652270630.7794,888000,888000
1652270630.7905,896000,896000
1652270630.8054,880000,880000
1652270630.8114,912000,912000
1652270630.8204,896000,896000
1652270630.8258,904000,904000
1652270630.8378,912000,912000
1652270630.8464,912000,912000
1652270630.8578,896000,896000
1652270630.8660,904000,904000
1652270630.8776,928000,928000
1652270630.8897,912000,912000
1652270630.8991,912000,912000
1652270630.9106,880000,880000
1652270630.9166,912000,912000
1652270630.9282,904000,904000
1652270630.9582,848000,848000
1652270630.9693,824000,824000
1652270630.9815,824000,824000
1652270630.9995,808000,808000
1652270631.0053,832000,832000
1652270631.0129,808000,808000
1652270631.0184,824000,824000
1652270631.0299,816000,816000
1652270631.0398,840000,840000
1652270631.0514,832000,832000
1652270631.0630,840000,840000
1652270631.0743,824000,824000
1652270631.0860,840000,840000
1652270631.0952,800000,800000
1652270631.1031,816000,816000
1652270631.1144,816000,816000
1652270631.1256,808000,808000
1652270631.1370,800000,800000
1652270631.1453,808000,808000
1652270631.1614,784000,784000
1652270631.1677,832000,832000
1652270631.1778,800000,800000
1652270631.1840,824000,824000
1652270631.1961,880000,880000
1652270631.2066,888000,888000
1652270631.2175,864000,864000
1652270631.2258,888000,888000
1652270631.2369,896000,896000
1652270631.2459,904000,904000
1652270631.2572,912000,912000
1652270631.2632,928000,928000
1652270631.2777,912000,912000
1652270631.2879,896000,896000
1652270631.2958,896000,896000
1652270631.3055,896000,896000
1652270631.3187,896000,896000
1652270631.3271,912000,912000
1652270631.3380,904000,904000
1652270631.3465,912000,912000
1652270631.3595,920000,920000
1652270631.3907,840000,840000
1652270631.4017,824000,824000
1652270631.4073,840000,840000
1652270631.4154,864000,864000
1652270631.4291,840000,840000
1652270631.4372,848000,848000
1652270631.4461,840000,840000
1652270631.4646,808000,808000
1652270631.4708,832000,832000
1652270631.4784,832000,832000
1652270631.4879,832000,832000
1652270631.5006,824000,824000
1652270631.5075,840000,840000
1652270631.5185,840000,840000
1652270631.5273,832000,832000
1652270631.5384,840000,840000
1652270631.5484,840000,840000
1652270631.5594,816000,816000
1652270631.5650,832000,832000
1652270631.5758,840000,840000
1652270631.5891,824000,824000
1652270631.5983,832000,832000
1652270631.6084,824000,824000
1652270631.6257,816000,816000
1652270631.6315,904000,904000
1652270631.6411,880000,880000
1652270631.6476,896000,896000
1652270631.6613,920000,920000
1652270631.6680,936000,936000
1652270631.6781,904000,904000
1652270631.6906,904000,904000
1652270631.6999,920000,920000
1652270631.7104,912000,912000
1652270631.7215,904000,904000
1652270631.7279,920000,920000
1652270631.7393,920000,920000
1652270631.7493,912000,912000
1652270631.7590,920000,920000
1652270631.7696,904000,904000
1652270631.7860,888000,888000
1652270631.7927,912000,912000
1652270631.8047,888000,888000
1652270631.8112,896000,896000
1652270631.8262,912000,912000
1652270631.8330,904000,904000
1652270631.8418,904000,904000
1652270631.8747,832000,832000
1652270631.8881,848000,848000
1652270631.8960,840000,840000
1652270631.9083,840000,840000
1652270631.9166,832000,832000
1652270631.9254,848000,848000
1652270631.9355,832000,832000
1652270631.9463,840000,840000
1652270631.9578,792000,792000
1652270631.9647,816000,816000
1652270631.9815,816000,816000
1652270631.9878,840000,840000
1652270631.9972,824000,824000
1652270632.0057,832000,832000
1652270632.0181,832000,832000
1652270632.0292,824000,824000
1652270632.0381,824000,824000
1652270632.0461,848000,848000
1652270632.0589,840000,840000
1652270632.0669,856000,856000
1652270632.0785,840000,840000
1652270632.0906,848000,848000
1652270632.1017,824000,824000
1652270632.1108,912000,912000
1652270632.1220,880000,880000
1652270632.1283,896000,896000
1652270632.1439,888000,888000
1652270632.1502,904000,904000
1652270632.1589,904000,904000
1652270632.1694,928000,928000
1652270632.1809,920000,920000
1652270632.1929,896000,896000
1652270632.2022,888000,888000
1652270632.2080,896000,896000
1652270632.2214,928000,928000
1652270632.2285,928000,928000
1652270632.2400,944000,944000
1652270632.2528,920000,920000
1652270632.2646,904000,904000
1652270632.2739,912000,912000
1652270632.2849,888000,888000
1652270632.3185,832000,832000
1652270632.3266,840000,840000
1652270632.3413,808000,808000
1652270632.3474,824000,824000
1652270632.3589,824000,824000
1652270632.3709,808000,808000
1652270632.3812,840000,840000
1652270632.3928,808000,808000
1652270632.4003,832000,832000
1652270632.4114,824000,824000
1652270632.4228,824000,824000
1652270632.4334,816000,816000
1652270632.4439,816000,816000
1652270632.4572,816000,816000
1652270632.4661,840000,840000
1652270632.4773,824000,824000
1652270632.4887,776000,776000
1652270632.4956,792000,792000
1652270632.5121,784000,784000
1652270632.5183,808000,808000
1652270632.5246,808000,808000
1652270632.5346,808000,808000
1652270632.5464,832000,832000
1652270632.5572,904000,904000
1652270632.5661,896000,896000
1652270632.5742,904000,904000
1652270632.5865,896000,896000
1652270632.5964,920000,920000
1652270632.6128,920000,920000
1652270632.6190,872000,872000
1652270632.6259,896000,896000
1652270632.6349,904000,904000
1652270632.6445,904000,904000
1652270632.6561,920000,920000
1652270632.6664,904000,904000
1652270632.6825,888000,888000
1652270632.6890,904000,904000
1652270632.6992,896000,896000
1652270632.7078,904000,904000
1652270632.7228,896000,896000
1652270632.7586,824000,824000
1652270632.7702,840000,840000
1652270632.7802,824000,824000
1652270632.7929,808000,808000
1652270632.8031,816000,816000
1652270632.8168,792000,792000
1652270632.8251,808000,808000
1652270632.8333,808000,808000
1652270632.8448,808000,808000
1652270632.8561,800000,800000
1652270632.8664,800000,800000
1652270632.8819,824000,824000
1652270632.8888,824000,824000
1652270632.8993,800000,800000
1652270632.9087,808000,808000
1652270632.9249,792000,792000
1652270632.9317,808000,808000
1652270632.9415,824000,824000
1652270632.9511,808000,808000
1652270632.9624,824000,824000
1652270632.9733,816000,816000
1652270632.9847,816000,816000
1652270632.9951,912000,912000
1652270633.0058,912000,912000
1652270633.0170,912000,912000
1652270633.0275,912000,912000
1652270633.0381,912000,912000
1652270633.0541,904000,904000
1652270633.0609,912000,912000
1652270633.0714,936000,936000
1652270633.0830,936000,936000
1652270633.0963,912000,912000
1652270633.1045,920000,920000
1652270633.1154,928000,928000
1652270633.1271,896000,896000
1652270633.1337,920000,920000
1652270633.1419,936000,936000
1652270633.1546,912000,912000
1652270633.1634,928000,928000
1652270633.1747,888000,888000
1652270633.1817,920000,920000
1652270633.1887,936000,936000
1652270633.1992,920000,920000
1652270633.2340,832000,832000
1652270633.2447,808000,808000
1652270633.2506,832000,832000
1652270633.2659,808000,808000
1652270633.2721,832000,832000
1652270633.2822,824000,824000
1652270633.2940,824000,824000
1652270633.3054,832000,832000
1652270633.3152,848000,848000
1652270633.3269,824000,824000
1652270633.3375,800000,800000
1652270633.3432,808000,808000
1652270633.3555,816000,816000
1652270633.3645,816000,816000
1652270633.3736,824000,824000
1652270633.3854,824000,824000
1652270633.3914,840000,840000
1652270633.4020,816000,816000
1652270633.4113,824000,824000
1652270633.4222,824000,824000
1652270633.4342,816000,816000
1652270633.4406,840000,840000
1652270633.4470,840000,840000
1652270633.4640,800000,800000
1652270633.4701,896000,896000
1652270633.4788,896000,896000
1652270633.4894,896000,896000
1652270633.5026,920000,920000
1652270633.5119,912000,912000
1652270633.5212,928000,928000
1652270633.5320,904000,904000
1652270633.5372,904000,904000
1652270633.5480,912000,912000
1652270633.5594,912000,912000
1652270633.5701,912000,912000
1652270633.5821,888000,888000
1652270633.5881,904000,904000
1652270633.5992,936000,936000
1652270633.6108,920000,920000
1652270633.6225,928000,928000
1652270633.6322,912000,912000
1652270633.6451,912000,912000
1652270633.6521,928000,928000
1652270633.6716,864000,864000
1652270633.6783,880000,880000
1652270633.7036,856000,856000
1652270633.7135,848000,848000
1652270633.7245,840000,840000
1652270633.7307,840000,840000
1652270633.7425,840000,840000
1652270633.7529,840000,840000
1652270633.7636,848000,848000
1652270633.7744,840000,840000
1652270633.7876,816000,816000
1652270633.7943,832000,832000
1652270633.8017,832000,832000
1652270633.8108,832000,832000
1652270633.8214,832000,832000
1652270633.8333,832000,832000
1652270633.8432,832000,832000
1652270633.8496,832000,832000
1652270633.8619,832000,832000
1652270633.8701,840000,840000
1652270633.8815,840000,840000
1652270633.8922,832000,832000
1652270633.9021,864000,864000
1652270633.9192,856000,856000
1652270633.9261,872000,872000
1652270633.9355,880000,880000
1652270633.9464,888000,888000
1652270633.9567,904000,904000
1652270633.9689,896000,896000
1652270633.9759,904000,904000
1652270633.9885,912000,912000
1652270633.9960,904000,904000
1652270634.0079,904000,904000
1652270634.0217,912000,912000
1652270634.0293,904000,904000
1652270634.0390,872000,872000
1652270634.0451,936000,936000
1652270634.0579,920000,920000
1652270634.0659,912000,912000
1652270634.0769,888000,888000
1652270634.0863,896000,896000
1652270634.1038,896000,896000
1652270634.1103,896000,896000
1652270634.1171,912000,912000
1652270634.1508,824000,824000
1652270634.1634,816000,816000
1652270634.1723,848000,848000
1652270634.1836,848000,848000
1652270634.1941,792000,792000
1652270634.2009,816000,816000
1652270634.2116,832000,832000
1652270634.2226,832000,832000
1652270634.2320,824000,824000
1652270634.2407,816000,816000
1652270634.2535,832000,832000
1652270634.2631,824000,824000
1652270634.2737,832000,832000
1652270634.2848,800000,800000
1652270634.2944,816000,816000
1652270634.3148,792000,792000
1652270634.3210,808000,808000
1652270634.3268,808000,808000
1652270634.3369,832000,832000
1652270634.3488,824000,824000
1652270634.3567,856000,856000
1652270634.3690,856000,856000
1652270634.3790,792000,792000
1652270634.3857,888000,888000
1652270634.3966,888000,888000
1652270634.4070,896000,896000
1652270634.4179,888000,888000
1652270634.4275,888000,888000
1652270634.4388,888000,888000
1652270634.4474,888000,888000
1652270634.4587,928000,928000
1652270634.4691,872000,872000
1652270634.4766,888000,888000
1652270634.4831,896000,896000
1652270634.4982,888000,888000
1652270634.5051,896000,896000
1652270634.5146,912000,912000
1652270634.5276,896000,896000
1652270634.5376,904000,904000
1652270634.5476,912000,912000
1652270634.5567,920000,920000
1652270634.5897,840000,840000
1652270634.6001,840000,840000
1652270634.6111,824000,824000
1652270634.6170,824000,824000
1652270634.6294,824000,824000
1652270634.6378,864000,864000
1652270634.6499,848000,848000
1652270634.6663,824000,824000
1652270634.6725,840000,840000
1652270634.6826,824000,824000
1652270634.6890,840000,840000
1652270634.7013,832000,832000
1652270634.7099,840000,840000
1652270634.7219,816000,816000
1652270634.7283,856000,856000
1652270634.7396,848000,848000
1652270634.7496,840000,840000
1652270634.7601,816000,816000
1652270634.7665,832000,832000
1652270634.7771,824000,824000
1652270634.7868,840000,840000
1652270634.7964,808000,808000
1652270634.8029,832000,832000
1652270634.8195,808000,808000
1652270634.8261,896000,896000
1652270634.8356,880000,880000
1652270634.8414,896000,896000
1652270634.8539,896000,896000
1652270634.8620,904000,904000
1652270634.8726,904000,904000
1652270634.8814,904000,904000
1652270634.8938,896000,896000
1652270634.9013,896000,896000
1652270634.9120,880000,880000
1652270634.9187,920000,920000
1652270634.9306,912000,912000
1652270634.9400,928000,928000
1652270634.9507,880000,880000
1652270634.9589,896000,896000
1652270634.9768,888000,888000
1652270634.9842,904000,904000
1652270634.9908,880000,880000
1652270634.9993,888000,888000
1652270635.0106,888000,888000
1652270635.0371,840000,840000
1652270635.0478,816000,816000
1652270635.0572,840000,840000
1652270635.0657,832000,832000
1652270635.0781,848000,848000
1652270635.0878,808000,808000
1652270635.0939,848000,848000
1652270635.1048,832000,832000
1652270635.1161,840000,840000
1652270635.1304,808000,808000
1652270635.1368,832000,832000
1652270635.1532,800000,800000
1652270635.1604,808000,808000
1652270635.1691,816000,816000
1652270635.1756,840000,840000
1652270635.1850,824000,824000
1652270635.1958,832000,832000
1652270635.2063,792000,792000
1652270635.2123,840000,840000
1652270635.2253,840000,840000
1652270635.2317,864000,864000
1652270635.2433,848000,848000
1652270635.2547,856000,856000
1652270635.2654,824000,824000
1652270635.2716,840000,840000
1652270635.2821,896000,896000
1652270635.2935,896000,896000
1652270635.3040,912000,912000
1652270635.3150,904000,904000
1652270635.3318,880000,880000
1652270635.3383,896000,896000
1652270635.3461,912000,912000
1652270635.3552,904000,904000
1652270635.3670,896000,896000
1652270635.3800,896000,896000
1652270635.3898,912000,912000
1652270635.3960,928000,928000
1652270635.4077,928000,928000
1652270635.4171,936000,936000
1652270635.4280,928000,928000
1652270635.4369,912000,912000
1652270635.4483,904000,904000
1652270635.4818,840000,840000
1652270635.4950,808000,808000
1652270635.5020,824000,824000
1652270635.5126,824000,824000
1652270635.5285,832000,832000
1652270635.5345,824000,824000
1652270635.5448,824000,824000
1652270635.5589,816000,816000
1652270635.5671,832000,832000
1652270635.5785,824000,824000
1652270635.5881,848000,848000
1652270635.6002,824000,824000
1652270635.6099,840000,840000
1652270635.6205,824000,824000
1652270635.6299,824000,824000
1652270635.6413,832000,832000
1652270635.6526,848000,848000
1652270635.6632,816000,816000
1652270635.6716,832000,832000
1652270635.6878,808000,808000
1652270635.6948,816000,816000
1652270635.7034,824000,824000
1652270635.7161,896000,896000
1652270635.7277,896000,896000
1652270635.7374,904000,904000
1652270635.7486,912000,912000
1652270635.7582,912000,912000
1652270635.7699,896000,896000
1652270635.7877,920000,920000
1652270635.7939,904000,904000
1652270635.8030,896000,896000
1652270635.8141,912000,912000
1652270635.8248,912000,912000
1652270635.8358,904000,904000
1652270635.8446,912000,912000
1652270635.8621,888000,888000
1652270635.8681,896000,896000
1652270635.8775,912000,912000
1652270635.8869,912000,912000
1652270635.8993,904000,904000
1652270635.9318,832000,832000
1652270635.9427,840000,840000
1652270635.9537,848000,848000
1652270635.9649,824000,824000
1652270635.9743,832000,832000
1652270635.9858,816000,816000
1652270635.9953,816000,816000
1652270636.0074,832000,832000
1652270636.0157,840000,840000
1652270636.0264,800000,800000
1652270636.0328,824000,824000
1652270636.0494,808000,808000
1652270636.0557,832000,832000
1652270636.0657,800000,800000
1652270636.0716,816000,816000
1652270636.0797,832000,832000
1652270636.0902,832000,832000
1652270636.1009,816000,816000
1652270636.1076,824000,824000
1652270636.1189,840000,840000
1652270636.1293,824000,824000
1652270636.1385,808000,808000
1652270636.1442,816000,816000
1652270636.1559,824000,824000
1652270636.1646,832000,832000
1652270636.1805,856000,856000
1652270636.1869,872000,872000
1652270636.1943,888000,888000
1652270636.2095,872000,872000
1652270636.2175,856000,856000
1652270636.2238,872000,872000
1652270636.2329,872000,872000
1652270636.2433,896000,896000
1652270636.2542,856000,856000
1652270636.2610,872000,872000
1652270636.2692,888000,888000
1652270636.2797,880000,880000
1652270636.2920,880000,880000
1652270636.2988,872000,872000
1652270636.3062,912000,912000
1652270636.3164,888000,888000
1652270636.3278,920000,920000
1652270636.3384,848000,848000
1652270636.3699,792000,792000
1652270636.3840,776000,776000
1652270636.3916,792000,792000
1652270636.4028,808000,808000
1652270636.4150,784000,784000
1652270636.4385,784000,784000
1652270636.4452,808000,808000
1652270636.4517,808000,808000
1652270636.4592,800000,800000
1652270636.4719,808000,808000
1652270636.4803,848000,848000
1652270636.4908,792000,792000
1652270636.4972,808000,808000
1652270636.5091,800000,800000
1652270636.5210,832000,832000
1652270636.5287,784000,784000
1652270636.5348,808000,808000
1652270636.5456,808000,808000
1652270636.5575,840000,840000
1652270636.5674,800000,800000
1652270636.5759,808000,808000
1652270636.5877,800000,800000
1652270636.5966,848000,848000
1652270636.6076,888000,888000
1652270636.6144,904000,904000
1652270636.6319,888000,888000
1652270636.6379,912000,912000
1652270636.7034,728000,728000
1652270636.7103,720000,720000
1652270636.7167,728000,728000
1652270636.7252,728000,728000
1652270636.7312,728000,728000
1652270636.7417,720000,720000
1652270636.7481,760000,760000
1652270636.7547,784000,784000
1652270636.7602,752000,752000
1652270636.7701,760000,760000
1652270636.7761,776000,776000
1652270636.7816,800000,800000
1652270636.7870,816000,816000
1652270636.7958,808000,808000
1652270636.8022,824000,824000
1652270636.8090,840000,840000
1652270636.8167,824000,824000
1652270636.8298,832000,832000
1652270636.8430,816000,816000
1652270636.8515,824000,824000
1652270636.8633,816000,816000
1652270636.8737,848000,848000
1652270636.8879,840000,840000
1652270636.8976,848000,848000
1652270636.9064,1064000,1064000
1652270636.9129,1080000,1080000
1652270636.9255,1064000,1064000
1652270636.9342,1064000,1064000
1652270636.9449,1032000,1032000
1652270636.9513,1048000,1048000
1652270636.9680,1024000,1024000
1652270636.9748,1024000,1024000
1652270636.9822,984000,984000
1652270636.9890,1000000,1000000
1652270637.0014,984000,984000
1652270637.0095,984000,984000
1652270637.0206,968000,968000
1652270637.0321,976000,976000
1652270637.0435,936000,936000
1652270637.0500,928000,928000
1652270637.0622,912000,912000
1652270637.0721,888000,888000
1652270637.0938,872000,872000
1652270637.1001,864000,864000
1652270637.1057,888000,888000
1652270637.1118,896000,896000
1652270637.1218,904000,904000
1652270637.1322,904000,904000
1652270637.1425,912000,912000
1652270637.1597,888000,888000
1652270637.1658,928000,928000
1652270637.1757,912000,912000
1652270637.1883,912000,912000
1652270637.2003,904000,904000
1652270637.2107,936000,936000
1652270637.2226,920000,920000
1652270637.2320,928000,928000
1652270637.2430,936000,936000
1652270637.2539,920000,920000
1652270637.2866,816000,816000
1652270637.2949,824000,824000
1652270637.3059,848000,848000
1652270637.3173,832000,832000
1652270637.3281,816000,816000
1652270637.3365,816000,816000
1652270637.3512,840000,840000
1652270637.3576,856000,856000
1652270637.3674,840000,840000
1652270637.3753,832000,832000
1652270637.3879,824000,824000
1652270637.3974,832000,832000
1652270637.4085,800000,800000
1652270637.4152,840000,840000
1652270637.4275,816000,816000
1652270637.4381,816000,816000
1652270637.4470,800000,800000
1652270637.4529,824000,824000
1652270637.4709,800000,800000
1652270637.4774,816000,816000
1652270637.4894,792000,792000
1652270637.4960,808000,808000
1652270637.5036,824000,824000
1652270637.5139,824000,824000
1652270637.5246,904000,904000
1652270637.5340,912000,912000
1652270637.5447,912000,912000
1652270637.5554,904000,904000
1652270637.5660,888000,888000
1652270637.5736,904000,904000
1652270637.5850,920000,920000
1652270637.5963,912000,912000
1652270637.6068,912000,912000
1652270637.6153,920000,920000
1652270637.6345,872000,872000
1652270637.6414,888000,888000
1652270637.6476,896000,896000
1652270637.6588,896000,896000
1652270637.6717,920000,920000
1652270637.6812,904000,904000
1652270637.6904,912000,912000
1652270637.7256,848000,848000
1652270637.7374,824000,824000
1652270637.7481,848000,848000
1652270637.7605,808000,808000
1652270637.7670,808000,808000
1652270637.7788,800000,800000
1652270637.7865,824000,824000
1652270637.7968,800000,800000
1652270637.8025,808000,808000
1652270637.8184,792000,792000
1652270637.8246,824000,824000
1652270637.8345,800000,800000
1652270637.8418,808000,808000
1652270637.8557,808000,808000
1652270637.8641,832000,832000
1652270637.8747,800000,800000
1652270637.8812,840000,840000
1652270637.8966,832000,832000
1652270637.9081,816000,816000
1652270637.9164,800000,800000
1652270637.9261,808000,808000
1652270637.9345,824000,824000
1652270637.9472,816000,816000
1652270637.9588,864000,864000
1652270637.9652,888000,888000
1652270637.9805,872000,872000
1652270637.9869,896000,896000
1652270637.9962,888000,888000
1652270638.0030,904000,904000
1652270638.0151,928000,928000
1652270638.0246,936000,936000
1652270638.0355,904000,904000
1652270638.0442,912000,912000
1652270638.0575,920000,920000
1652270638.0665,912000,912000
1652270638.0778,912000,912000
1652270638.0872,904000,904000
1652270638.0982,920000,920000
1652270638.1084,912000,912000
1652270638.1189,888000,888000
1652270638.1249,896000,896000
1652270638.1408,904000,904000
1652270638.1475,904000,904000
1652270638.1803,816000,816000
1652270638.1870,824000,824000
1652270638.1984,816000,816000
1652270638.2083,824000,824000
1652270638.2174,848000,848000
1652270638.2277,840000,840000
1652270638.2392,848000,848000
1652270638.2492,832000,832000
1652270638.2610,840000,840000
1652270638.2724,824000,824000
1652270638.2842,816000,816000
1652270638.2944,832000,832000
1652270638.3048,808000,808000
1652270638.3116,824000,824000
1652270638.3282,800000,800000
1652270638.3342,832000,832000
1652270638.3444,808000,808000
1652270638.3543,808000,808000
1652270638.3629,824000,824000
1652270638.3740,816000,816000
1652270638.3845,832000,832000
1652270638.3958,832000,832000
1652270638.4069,832000,832000
1652270638.4156,936000,936000
1652270638.4273,920000,920000
1652270638.4373,928000,928000
1652270638.4484,920000,920000
1652270638.4621,912000,912000
1652270638.4701,896000,896000
1652270638.4780,912000,912000
1652270638.4974,872000,872000
1652270638.5039,888000,888000
1652270638.5119,880000,880000
1652270638.5181,896000,896000
1652270638.5316,896000,896000
1652270638.5402,904000,904000
1652270638.5515,880000,880000
1652270638.5603,888000,888000
1652270638.5712,888000,888000
1652270638.5945,872000,872000
1652270638.6121,824000,824000
1652270638.6214,824000,824000
1652270638.6321,824000,824000
1652270638.6420,832000,832000
1652270638.6532,816000,816000
1652270638.6620,824000,824000
1652270638.6779,800000,800000
1652270638.6846,824000,824000
1652270638.6954,816000,816000
1652270638.7033,832000,832000
1652270638.7150,832000,832000
1652270638.7257,832000,832000
1652270638.7369,824000,824000
1652270638.7429,824000,824000
1652270638.7545,856000,856000
1652270638.7650,840000,840000
1652270638.7762,840000,840000
1652270638.7848,832000,832000
1652270638.7957,832000,832000
1652270638.8063,832000,832000
1652270638.8173,856000,856000
1652270638.8299,840000,840000
1652270638.8465,856000,856000
1652270638.8525,872000,872000
1652270638.8637,888000,888000
1652270638.8702,904000,904000
1652270638.8815,904000,904000
1652270638.8920,904000,904000
1652270638.9005,896000,896000
1652270638.9129,912000,912000
1652270638.9256,896000,896000
1652270638.9321,928000,928000
1652270638.9419,936000,936000
1652270638.9538,896000,896000
1652270638.9602,904000,904000
1652270638.9714,896000,896000
1652270638.9847,888000,888000
1652270638.9923,888000,888000
1652270638.9988,912000,912000
1652270639.0072,904000,904000
1652270639.0248,872000,872000
1652270639.0510,808000,808000
1652270639.0599,816000,816000
1652270639.0717,816000,816000
1652270639.0805,824000,824000
1652270639.0918,808000,808000
1652270639.0998,840000,840000
1652270639.1110,840000,840000
1652270639.1244,840000,840000
1652270639.1331,816000,816000
1652270639.1419,824000,824000
1652270639.1554,816000,816000
1652270639.1638,832000,832000
1652270639.1761,824000,824000
1652270639.1888,824000,824000
1652270639.1951,824000,824000
1652270639.2089,840000,840000
1652270639.2167,840000,840000
1652270639.2271,832000,832000
1652270639.2384,832000,832000
1652270639.2492,840000,840000
1652270639.2595,824000,824000
1652270639.2680,824000,824000
1652270639.2784,848000,848000
1652270639.2883,856000,856000
1652270639.2994,920000,920000
1652270639.3089,928000,928000
1652270639.3210,912000,912000
1652270639.3302,920000,920000
1652270639.3413,912000,912000
1652270639.3525,928000,928000
1652270639.3680,896000,896000
1652270639.3742,920000,920000
1652270639.3854,920000,920000
1652270639.3960,928000,928000
1652270639.4111,912000,912000
1652270639.4190,928000,928000
1652270639.4314,920000,920000
1652270639.4408,896000,896000
1652270639.4466,920000,920000
1652270639.4580,904000,904000
1652270639.4656,920000,920000
1652270639.5051,816000,816000
1652270639.5146,800000,800000
1652270639.5208,832000,832000
1652270639.5275,840000,840000
1652270639.5401,824000,824000
1652270639.5489,832000,832000
1652270639.5681,808000,808000
1652270639.5747,824000,824000
1652270639.5836,840000,840000
1652270639.5942,832000,832000
1652270639.6063,832000,832000
1652270639.6159,832000,832000
1652270639.6280,840000,840000
1652270639.6363,832000,832000
1652270639.6480,832000,832000
1652270639.6590,840000,840000
1652270639.6693,848000,848000
1652270639.6803,832000,832000
1652270639.6929,840000,840000
1652270639.7026,872000,872000
1652270639.7131,840000,840000
1652270639.7245,848000,848000
1652270639.7399,912000,912000
1652270639.7460,936000,936000
1652270639.7566,928000,928000
1652270639.7657,936000,936000
1652270639.7780,944000,944000
1652270639.7891,904000,904000
1652270639.7984,928000,928000
1652270639.8092,880000,880000
1652270639.8163,896000,896000
1652270639.8244,936000,936000
1652270639.8347,936000,936000
1652270639.8469,912000,912000
1652270639.8593,904000,904000
1652270639.8712,904000,904000
1652270639.8816,896000,896000
1652270639.8940,912000,912000
1652270639.9058,896000,896000
1652270639.9222,872000,872000
1652270639.9492,824000,824000
1652270639.9623,816000,816000
1652270639.9703,800000,800000
1652270639.9766,824000,824000
1652270639.9919,816000,816000
1652270639.9981,840000,840000
1652270640.0085,824000,824000
1652270640.0212,824000,824000
1652270640.0333,816000,816000
1652270640.0430,824000,824000
1652270640.0545,816000,816000
1652270640.0656,848000,848000
1652270640.0763,832000,832000
1652270640.0875,824000,824000
1652270640.0985,816000,816000
1652270640.1094,824000,824000
1652270640.1271,800000,800000
1652270640.1331,824000,824000
1652270640.1416,832000,832000
1652270640.1533,824000,824000
1652270640.1664,824000,824000
1652270640.1747,856000,856000
1652270640.1891,848000,848000
1652270640.1981,904000,904000
1652270640.2092,904000,904000
1652270640.2193,920000,920000
1652270640.2294,944000,944000
1652270640.2400,904000,904000
1652270640.2478,936000,936000
1652270640.2611,912000,912000
1652270640.2699,920000,920000
1652270640.2811,928000,928000
1652270640.2920,880000,880000
1652270640.2981,904000,904000
1652270640.3046,912000,912000
1652270640.3171,920000,920000
1652270640.3265,928000,928000
1652270640.3367,904000,904000
1652270640.3426,920000,920000
1652270640.3561,912000,912000
1652270640.3654,912000,912000
1652270640.3764,944000,944000
1652270640.3868,944000,944000
1652270640.4220,840000,840000
1652270640.4316,848000,848000
1652270640.4418,840000,840000
1652270640.4533,840000,840000
1652270640.4646,832000,832000
1652270640.4744,840000,840000
1652270640.4849,824000,824000
1652270640.4956,824000,824000
1652270640.5123,800000,800000
1652270640.5186,824000,824000
1652270640.5266,832000,832000
1652270640.5395,816000,816000
1652270640.5508,856000,856000
1652270640.5611,840000,840000
1652270640.5715,832000,832000
1652270640.5832,800000,800000
1652270640.5908,800000,800000
1652270640.5967,840000,840000
1652270640.6069,824000,824000
1652270640.6182,824000,824000
1652270640.6286,824000,824000
1652270640.6406,824000,824000
1652270640.6507,824000,824000
1652270640.6633,888000,888000
1652270640.6725,904000,904000
1652270640.6879,888000,888000
1652270640.7113,848000,848000
1652270640.7178,856000,856000
1652270640.7247,872000,872000
1652270640.7325,880000,880000
1652270640.7380,896000,896000
1652270640.7476,912000,912000
1652270640.7598,904000,904000
1652270640.7714,928000,928000
1652270640.7859,904000,904000
1652270640.7947,880000,880000
1652270640.8012,904000,904000
1652270640.8129,904000,904000
1652270640.8220,904000,904000
1652270640.8330,896000,896000
1652270640.8641,832000,832000
1652270640.8807,824000,824000
1652270640.8869,832000,832000
1652270640.8987,832000,832000
1652270640.9074,808000,808000
1652270640.9139,824000,824000
1652270640.9271,832000,832000
1652270640.9337,840000,840000
1652270640.9467,832000,832000
1652270640.9529,856000,856000
1652270640.9649,888000,888000
1652270640.9748,896000,896000
1652270640.9887,856000,856000
1652270640.9967,856000,856000
1652270641.0079,840000,840000
1652270641.0199,832000,832000
1652270641.0296,832000,832000
1652270641.0384,840000,840000
1652270641.0548,840000,840000
1652270641.0616,840000,840000
1652270641.0717,832000,832000
1652270641.0802,832000,832000
1652270641.0946,824000,824000
1652270641.1019,912000,912000
1652270641.1126,904000,904000
1652270641.1224,912000,912000
1652270641.1342,928000,928000
1652270641.1432,936000,936000
1652270641.1566,904000,904000
1652270641.1648,920000,920000
1652270641.1761,928000,928000
1652270641.1873,936000,936000
1652270641.1975,904000,904000
1652270641.2077,928000,928000
1652270641.2253,888000,888000
1652270641.2313,904000,904000
1652270641.2397,896000,896000
1652270641.2481,920000,920000
1652270641.2614,904000,904000
1652270641.2697,912000,912000
1652270641.2812,920000,920000
1652270641.2944,912000,912000
1652270641.3255,840000,840000
1652270641.3361,856000,856000
1652270641.3472,848000,848000
1652270641.3616,824000,824000
1652270641.3728,832000,832000
1652270641.3828,832000,832000
1652270641.3938,824000,824000
1652270641.4059,816000,816000
1652270641.4213,816000,816000
1652270641.4281,824000,824000
1652270641.4391,808000,808000
1652270641.4464,816000,816000
1652270641.4602,816000,816000
1652270641.4684,824000,824000
1652270641.4794,832000,832000
1652270641.4872,840000,840000
1652270641.4993,824000,824000
1652270641.5095,824000,824000
1652270641.5201,824000,824000
1652270641.5295,824000,824000
1652270641.5407,824000,824000
1652270641.5526,832000,832000
1652270641.5626,880000,880000
1652270641.5716,888000,888000
1652270641.5879,872000,872000
1652270641.5944,888000,888000
1652270641.6034,904000,904000
1652270641.6132,872000,872000
1652270641.6191,896000,896000
1652270641.6314,896000,896000
1652270641.6380,912000,912000
1652270641.6487,912000,912000
1652270641.6597,880000,880000
1652270641.6660,904000,904000
1652270641.6767,920000,920000
1652270641.6866,920000,920000
1652270641.6961,928000,928000
1652270641.7075,888000,888000
1652270641.7138,920000,920000
1652270641.7261,920000,920000
1652270641.7357,928000,928000
1652270641.7729,808000,808000
1652270641.7820,824000,824000
1652270641.7996,792000,792000
1652270641.8058,808000,808000
1652270641.8144,808000,808000
1652270641.8239,832000,832000
1652270641.8364,816000,816000
1652270641.8458,840000,840000
1652270641.8580,816000,816000
1652270641.8668,816000,816000
1652270641.8794,848000,848000
1652270641.8898,824000,824000
1652270641.8997,808000,808000
1652270641.9091,808000,808000
1652270641.9248,832000,832000
1652270641.9320,832000,832000
1652270641.9512,776000,776000
1652270641.9685,768000,768000
1652270641.9744,768000,768000
1652270641.9802,784000,784000
1652270641.9943,760000,760000
1652270642.0017,784000,784000
1652270642.0100,888000,888000
1652270642.0177,912000,912000
1652270642.0292,888000,888000
1652270642.0355,912000,912000
1652270642.0456,904000,904000
1652270642.0581,928000,928000
1652270642.0659,920000,920000
1652270642.0770,912000,912000
1652270642.0886,896000,896000
1652270642.0988,912000,912000
1652270642.1099,888000,888000
1652270642.1192,904000,904000
1652270642.1348,888000,888000
1652270642.1413,904000,904000
1652270642.1534,904000,904000
1652270642.1637,912000,912000
1652270642.1767,904000,904000
1652270642.2160,840000,840000
1652270642.2282,848000,848000
1652270642.2364,848000,848000
1652270642.2480,848000,848000
1652270642.2601,848000,848000
1652270642.2694,808000,808000
1652270642.2793,808000,808000
1652270642.2915,816000,816000
1652270642.3001,808000,808000
1652270642.3116,808000,808000
1652270642.3221,768000,768000
1652270642.3286,792000,792000
1652270642.3346,808000,808000
1652270642.3473,808000,808000
1652270642.3585,792000,792000
1652270642.3678,816000,816000
1652270642.3790,808000,808000
1652270642.3913,816000,816000
1652270642.3997,824000,824000
1652270642.4110,816000,816000
1652270642.4243,800000,800000
1652270642.4329,816000,816000
1652270642.4453,904000,904000
1652270642.4568,912000,912000
1652270642.4686,904000,904000
1652270642.4792,912000,912000
1652270642.4890,920000,920000
1652270642.4975,912000,912000
1652270642.5147,896000,896000
1652270642.5211,912000,912000
1652270642.5302,920000,920000
1652270642.5413,912000,912000
1652270642.5552,912000,912000
1652270642.5637,912000,912000
1652270642.5746,912000,912000
1652270642.5886,936000,936000
1652270642.5997,904000,904000
1652270642.6091,912000,912000
1652270642.6217,912000,912000
1652270642.6331,904000,904000
1652270642.6439,904000,904000
1652270642.6813,816000,816000
1652270642.6926,808000,808000
1652270642.7020,816000,816000
1652270642.7181,800000,800000
1652270642.7250,816000,816000
1652270642.7353,800000,800000
1652270642.7450,824000,824000
1652270642.7594,808000,808000
1652270642.7671,840000,840000
1652270642.7780,832000,832000
1652270642.7910,816000,816000
1652270642.8001,816000,816000
1652270642.8105,824000,824000
1652270642.8225,808000,808000
1652270642.8319,816000,816000
1652270642.8428,824000,824000
1652270642.8538,832000,832000
1652270642.8645,824000,824000
1652270642.8745,824000,824000
1652270642.8913,808000,808000
1652270642.8975,824000,824000
1652270642.9088,824000,824000
1652270642.9192,912000,912000
1652270642.9315,912000,912000
1652270642.9410,920000,920000
1652270642.9522,920000,920000
1652270642.9640,912000,912000
1652270642.9756,928000,928000
1652270642.9872,920000,920000
1652270642.9965,928000,928000
1652270643.0083,912000,912000
1652270643.0237,912000,912000
1652270643.0310,912000,912000
1652270643.0415,920000,920000
1652270643.0555,920000,920000
1652270643.0645,920000,920000
1652270643.0792,904000,904000
1652270643.0884,912000,912000
1652270643.0967,880000,880000
1652270643.1026,896000,896000
1652270643.1134,896000,896000
1652270643.1448,848000,848000
1652270643.1575,848000,848000
1652270643.1681,832000,832000
1652270643.1790,832000,832000
1652270643.1917,832000,832000
1652270643.2018,832000,832000
1652270643.2119,792000,792000
1652270643.2181,816000,816000
1652270643.2296,808000,808000
1652270643.2391,824000,824000
1652270643.2480,824000,824000
1652270643.2586,792000,792000
1652270643.2648,808000,808000
1652270643.2813,800000,800000
1652270643.2874,824000,824000
1652270643.2959,816000,816000
1652270643.3066,792000,792000
1652270643.3127,808000,808000
1652270643.3207,824000,824000
1652270643.3318,832000,832000
1652270643.3430,832000,832000
1652270643.3557,816000,816000
1652270643.3619,832000,832000
1652270643.3675,832000,832000
1652270643.3798,832000,832000
1652270643.3900,896000,896000
1652270643.3996,872000,872000
1652270643.4054,896000,896000
1652270643.4164,904000,904000
1652270643.4278,896000,896000
1652270643.4366,904000,904000
1652270643.4477,872000,872000
1652270643.4538,896000,896000
1652270643.4724,896000,896000
1652270643.4791,896000,896000
1652270643.4852,912000,912000
1652270643.4937,888000,888000
1652270643.5016,888000,888000
1652270643.5094,904000,904000
1652270643.5215,928000,928000
1652270643.5303,912000,912000
1652270643.5405,936000,936000
1652270643.5512,920000,920000
1652270643.5621,912000,912000
1652270643.5982,832000,832000
1652270643.6070,800000,800000
1652270643.6131,856000,856000
1652270643.6213,872000,872000
1652270643.6335,832000,832000
1652270643.6435,840000,840000
1652270643.6555,800000,800000
1652270643.6619,840000,840000
1652270643.6692,832000,832000
1652270643.6832,816000,816000
1652270643.6918,832000,832000
1652270643.7021,792000,792000
1652270643.7089,840000,840000
1652270643.7183,832000,832000
1652270643.7302,856000,856000
1652270643.7397,840000,840000
1652270643.7503,808000,808000
1652270643.7580,848000,848000
1652270643.7687,824000,824000
1652270643.7795,824000,824000
1652270643.7906,824000,824000
1652270643.8029,800000,800000
1652270643.8087,816000,816000
1652270643.8207,808000,808000
1652270643.8307,896000,896000
1652270643.9109,688000,688000
1652270643.9176,688000,688000
1652270643.9274,680000,680000
1652270643.9343,680000,680000
1652270643.9419,696000,696000
1652270643.9494,712000,712000
1652270643.9622,688000,688000
1652270643.9694,688000,688000
1652270643.9749,704000,704000
1652270643.9805,728000,728000
1652270643.9856,752000,752000
1652270643.9946,728000,728000
1652270644.0009,736000,736000
1652270644.0071,768000,768000
1652270644.0155,784000,784000
1652270644.0220,792000,792000
1652270644.0305,752000,752000
1652270644.0377,768000,768000
1652270644.0436,792000,792000
1652270644.0504,800000,800000
1652270644.0592,832000,832000
1652270644.0664,816000,816000
1652270644.0719,816000,816000
1652270644.0775,840000,840000
1652270644.0920,824000,824000
1652270644.0989,1152000,1152000
1652270644.1099,1112000,1112000
1652270644.1191,1112000,1112000
1652270644.1323,1096000,1096000
1652270644.1405,1096000,1096000
1652270644.1512,1096000,1096000
1652270644.1619,1064000,1064000
1652270644.1680,1072000,1072000
1652270644.1793,1088000,1088000
1652270644.1896,1080000,1080000
1652270644.2006,1048000,1048000
1652270644.2114,1008000,1008000
1652270644.2174,1072000,1072000
1652270644.2258,1080000,1080000
1652270644.2365,1048000,1048000
1652270644.2476,1000000,1000000
1652270644.2592,992000,992000
1652270644.2661,992000,992000
1652270644.2742,984000,984000
1652270644.2883,976000,976000
1652270644.2984,960000,960000
1652270644.3065,920000,920000
1652270644.3124,920000,920000
1652270644.3255,928000,928000
1652270644.3324,944000,944000
1652270644.3432,904000,904000
1652270644.3546,880000,880000
1652270644.3614,880000,880000
1652270644.3701,904000,904000
1652270644.3810,904000,904000
1652270644.3926,904000,904000
1652270644.4029,872000,872000
1652270644.4094,888000,888000
1652270644.4236,904000,904000
1652270644.4325,896000,896000
1652270644.4408,904000,904000
1652270644.4525,896000,896000
1652270644.4630,904000,904000
1652270644.4742,936000,936000
1652270644.4843,904000,904000
1652270644.5024,880000,880000
1652270644.5090,896000,896000
1652270644.5183,936000,936000
1652270644.5289,928000,928000
1652270644.5395,880000,880000
1652270644.5648,840000,840000
1652270644.5784,832000,832000
1652270644.5875,848000,848000
1652270644.5968,840000,840000
1652270644.6077,832000,832000
1652270644.6190,864000,864000
1652270644.6305,840000,840000
1652270644.6402,848000,848000
1652270644.6510,848000,848000
1652270644.6622,872000,872000
1652270644.6738,824000,824000
1652270644.6796,856000,856000
1652270644.6877,864000,864000
1652270644.6983,856000,856000
1652270644.7094,848000,848000
1652270644.7212,840000,840000
1652270644.7306,840000,840000
1652270644.7481,824000,824000
1652270644.7551,856000,856000
1652270644.7639,872000,872000
1652270644.7749,856000,856000
1652270644.7860,808000,808000
1652270644.7924,824000,824000
1652270644.7999,872000,872000
1652270644.8109,920000,920000
1652270644.8242,920000,920000
1652270644.8332,936000,936000
1652270644.8435,896000,896000
1652270644.8510,912000,912000
1652270644.8588,912000,912000
1652270644.8682,920000,920000
1652270644.8795,920000,920000
1652270644.8909,920000,920000
1652270644.9016,888000,888000
1652270644.9083,904000,904000
1652270644.9214,904000,904000
1652270644.9302,936000,936000
1652270644.9399,944000,944000
1652270644.9507,912000,912000
1652270644.9644,904000,904000
1652270644.9825,880000,880000
1652270644.9897,896000,896000
1652270644.9994,928000,928000
1652270645.0306,824000,824000
1652270645.0409,808000,808000
1652270645.0478,856000,856000
1652270645.0627,816000,816000
1652270645.0702,824000,824000
1652270645.0801,832000,832000
1652270645.0915,832000,832000
1652270645.1026,832000,832000
1652270645.1085,856000,856000
